<?xml version="1.0" encoding="utf-8"?>
<COLLADA xmlns="http://www.collada.org/2005/11/COLLADASchema" version="1.4.1">
  <asset><contributor><author></author><authoring_tool>FBX COLLADA exporter</authoring_tool><comments></comments></contributor><created>2016-02-18T09:32:21Z</created><keywords></keywords><modified>2016-02-18T09:32:21Z</modified><revision></revision><subject></subject><title></title><unit meter="0.010000" name="centimeter"></unit><up_axis>Y_UP</up_axis></asset>
  <library_animations>
    <animation id="in_anim_node-anim" name="in_anim_node"><animation><source id="in_anim_node-Matrix-animation-input"><float_array id="in_anim_node-Matrix-animation-input-array" count="70">

0.000000 0.041667 0.083333 0.125000 0.166667 0.208333 0.250000 0.291667 0.333333 0.375000 0.416667 0.458333 0.500000 0.541667 0.583333 0.625000
0.666667 0.708333 0.750000 0.791667 0.833333 0.875000 0.916667 0.958333 1.000000 1.041667 1.083333 1.125000 1.166667 1.208333 1.250000 1.291667
1.333333 1.375000 1.416667 1.458333 1.500000 1.541667 1.583333 1.625000 1.666667 1.708333 1.750000 1.791667 1.833333 1.875000 1.916667 1.958333
2.000000 2.041667 2.083333 2.125000 2.166667 2.208333 2.250000 2.291667 2.333333 2.375000 2.416667 2.458333 2.500000 2.541667 2.583333 2.625000
2.666667 2.708333 2.750000 2.791667 2.833333 2.875000 2.916667 2.958333 3.000000 3.041667 3.083333 3.125000 3.166667</float_array><technique_common><accessor source="#in_anim_node-Matrix-animation-input-array" count="70"><param name="TIME" type="float"/></accessor></technique_common></source><source id="in_anim_node-Matrix-animation-output-transform"><float_array id="in_anim_node-Matrix-animation-output-transform-array" count="1120">

0.098937 0.918426 -0.383022 0.000000 0.902859 0.078990 0.422618 0.000000 0.418398 -0.387627 -0.821394 30.000000 0.000000 0.000000 0.000000 1.000000
0.090286 0.922524 -0.375230 0.322853 0.902930 0.083143 0.421669 0.192758 0.420197 -0.376878 -0.825468 29.943289 0.000000 0.000000 0.000000 1.000000
0.065725 0.933312 -0.353000 1.234391 0.903022 0.094878 0.418986 0.735180 0.424537 -0.346305 -0.836565 29.782860 0.000000 0.000000 0.000000 1.000000
0.027048 0.947829 -0.317629 2.658082 0.902844 0.113236 0.414789 1.578989 0.429116 -0.297989 -0.852679 29.531151 0.000000 0.000000 0.000000 1.000000
-0.024050 0.962536 -0.270085 4.527081 0.902014 0.137376 0.409266 2.681803 0.431036 -0.233777 -0.871525 29.198357 0.000000 0.000000 0.000000 1.000000
-0.085661 0.973672 -0.211248 6.781895 0.900107 0.166534 0.402583 4.005666 0.427164 -0.155660 -0.890675 28.792961 0.000000 0.000000 0.000000 1.000000
-0.155448 0.977571 -0.142093 9.368558 0.896698 0.199986 0.394891 5.515899 0.414451 -0.066030 -0.907673 28.322128 0.000000 0.000000 0.000000 1.000000
-0.230529 0.970970 -0.063822 12.237128 0.891386 0.237027 0.386329 7.180141 0.390241 0.032169 -0.920150 27.791960 0.000000 0.000000 0.000000 1.000000
-0.307499 0.951293 0.022057 15.340410 0.883826 0.276949 0.377029 8.967521 0.352556 0.135431 -0.925939 27.207737 0.000000 0.000000 0.000000 1.000000
-0.382563 0.916906 0.113701 18.632776 0.873750 0.319032 0.367122 10.847886 0.300343 0.239794 -0.923197 26.574039 0.000000 0.000000 0.000000 1.000000
-0.451778 0.867316 0.208947 22.069054 0.860989 0.362540 0.356740 12.791052 0.233655 0.341068 -0.910537 25.894913 0.000000 0.000000 0.000000 1.000000
-0.511378 0.803268 0.305375 25.603312 0.845491 0.406715 0.346016 14.765982 0.153743 0.435137 -0.887141 25.173927 0.000000 0.000000 0.000000 1.000000
-0.558143 0.726735 0.400415 29.187576 0.827347 0.450784 0.335097 16.739883 0.063025 0.518315 -0.852864 24.414274 0.000000 0.000000 0.000000 1.000000
-0.589773 0.640793 0.491480 32.770218 0.806808 0.493959 0.324139 18.677080 -0.035065 0.587699 -0.808320 23.618826 0.000000 0.000000 0.000000 1.000000
-0.605205 0.549379 0.576116 36.293926 0.784308 0.535434 0.313323 20.537573 -0.136339 0.641477 -0.754930 22.790182 0.000000 0.000000 0.000000 1.000000
-0.604861 0.456980 0.652160 39.692986 0.760496 0.574390 0.302855 22.275063 -0.236196 0.679150 -0.694958 21.930710 0.000000 0.000000 0.000000 1.000000
-0.590782 0.368296 0.717868 42.889324 0.736269 0.609974 0.292983 23.834116 -0.329977 0.701633 -0.631527 21.042604 0.000000 0.000000 0.000000 1.000000
-0.566653 0.287968 0.771996 45.786598 0.712822 0.641265 0.284015 25.145901 -0.413266 0.711234 -0.568645 20.127871 0.000000 0.000000 0.000000 1.000000
-0.534560 0.213936 0.817604 48.520073 0.689615 0.669662 0.275653 26.250763 -0.488546 0.711185 -0.505508 19.188404 0.000000 0.000000 0.000000 1.000000
-0.493556 0.141846 0.858069 51.296761 0.665163 0.697197 0.267346 27.249437 -0.560321 0.702706 -0.438457 18.225964 0.000000 0.000000 0.000000 1.000000
-0.444105 0.072741 0.893017 54.107811 0.639517 0.723806 0.259080 28.151842 -0.627526 0.686158 -0.367965 17.242235 0.000000 0.000000 0.000000 1.000000
-0.386813 0.007618 0.922127 56.942532 0.612733 0.749426 0.250838 28.970682 -0.689154 0.662045 -0.294556 16.238834 0.000000 0.000000 0.000000 1.000000
-0.322430 -0.052596 0.945131 59.788403 0.584874 0.773994 0.242601 29.721621 -0.744286 0.631005 -0.218797 15.217309 0.000000 0.000000 0.000000 1.000000
-0.251831 -0.107067 0.961830 62.631077 0.556011 0.797454 0.234347 30.423321 -0.792106 0.593804 -0.141294 14.179180 0.000000 0.000000 0.000000 1.000000
-0.176007 -0.155073 0.972098 65.454582 0.526221 0.819753 0.226047 31.097315 -0.831934 0.551324 -0.062679 13.125956 0.000000 0.000000 0.000000 1.000000
-0.096038 -0.196030 0.975884 68.241638 0.495584 0.840841 0.217674 31.767675 -0.863234 0.504537 0.016397 12.059153 0.000000 0.000000 0.000000 1.000000
-0.013070 -0.229504 0.973220 70.974129 0.464187 0.860678 0.209198 32.460461 -0.885641 0.454491 0.095284 10.980298 0.000000 0.000000 0.000000 1.000000
0.071716 -0.255224 0.964218 73.633644 0.432120 0.879226 0.200587 33.202953 -0.898960 0.402272 0.173342 9.890998 0.000000 0.000000 0.000000 1.000000
0.157138 -0.273090 0.949068 76.202171 0.399471 0.896455 0.191811 34.022728 -0.903178 0.348984 0.249959 8.792915 0.000000 0.000000 0.000000 1.000000
0.242045 -0.283169 0.928024 78.662712 0.366329 0.912344 0.182840 34.946674 -0.898453 0.295707 0.324562 7.687864 0.000000 0.000000 0.000000 1.000000
0.325346 -0.285687 0.901406 81.000000 0.332783 0.926877 0.173648 36.000000 -0.885102 0.243477 0.396628 6.577817 0.000000 0.000000 0.000000 1.000000
0.412301 -0.280310 0.866853 83.356514 0.296209 0.941040 0.163414 37.282471 -0.861550 0.189394 0.471022 5.464984 0.000000 0.000000 0.000000 1.000000
0.505623 -0.265015 0.821044 85.847961 0.254518 0.955119 0.151552 38.844513 -0.824358 0.132343 0.550381 4.351918 0.000000 0.000000 0.000000 1.000000
0.599739 -0.238660 0.763777 88.411568 0.208901 0.968084 0.138467 40.624065 -0.772447 0.076510 0.630454 3.241624 0.000000 0.000000 0.000000 1.000000
0.688757 -0.201872 0.696320 90.974709 0.160938 0.979061 0.124653 42.545181 -0.706904 0.026208 0.706824 2.137761 0.000000 0.000000 0.000000 1.000000
0.767486 -0.157112 0.621516 93.458664 0.112523 0.987467 0.110671 44.521492 -0.631114 -0.015004 0.775545 1.044932 0.000000 0.000000 0.000000 1.000000
0.832389 -0.108229 0.543521 95.783669 0.065714 0.993102 0.097113 46.461460 -0.550282 -0.045119 0.833759 -0.030862 0.000000 0.000000 0.000000 1.000000
0.882114 -0.059628 0.467246 97.874504 0.022545 0.996163 0.084562 48.274673 -0.470495 -0.064059 0.880074 -1.081392 0.000000 0.000000 0.000000 1.000000
0.917411 -0.015390 0.397644 99.665512 -0.015152 0.997176 0.073549 49.877964 -0.397653 -0.073500 0.914587 -2.094776 0.000000 0.000000 0.000000 1.000000
0.940510 0.021337 0.339094 101.104126 -0.045879 0.996861 0.064524 51.200291 -0.336653 -0.076243 0.938537 -3.052449 0.000000 0.000000 0.000000 1.000000
0.954262 0.048528 0.295008 102.152618 -0.068529 0.995971 0.057834 52.185646 -0.291013 -0.075406 0.953743 -3.922150 0.000000 0.000000 0.000000 1.000000
0.961298 0.065124 0.267702 102.787903 -0.082379 0.995152 0.053724 52.793915 -0.262905 -0.073697 0.962003 -4.637129 0.000000 0.000000 0.000000 1.000000
0.963431 0.070692 0.258464 103.000000 -0.087036 0.994829 0.052336 53.000000 -0.253428 -0.072918 0.964602 -5.000000 0.000000 0.000000 0.000000 1.000000
0.963018 0.068845 0.260494 102.921982 -0.085527 0.994912 0.053242 52.921986 -0.255504 -0.073553 0.964006 -4.861304 0.000000 0.000000 0.000000 1.000000
0.961694 0.063117 0.266761 102.680740 -0.080859 0.995149 0.056045 52.680752 -0.261930 -0.075468 0.962132 -4.432443 0.000000 0.000000 0.000000 1.000000
0.959286 0.053352 0.277352 102.271713 -0.072943 0.995481 0.060796 52.271717 -0.272855 -0.078552 0.958843 -3.705280 0.000000 0.000000 0.000000 1.000000
0.955610 0.039722 0.291943 101.705177 -0.061975 0.995801 0.067375 51.705173 -0.288041 -0.082477 0.954060 -2.698089 0.000000 0.000000 0.000000 1.000000
0.950602 0.022995 0.309561 101.016159 -0.048637 0.995969 0.075371 51.016163 -0.306580 -0.086704 0.947888 -1.473174 0.000000 0.000000 0.000000 1.000000
0.944515 0.004754 0.328433 100.271454 -0.034225 0.995877 0.084009 50.271454 -0.326680 -0.090588 0.940784 -0.149249 0.000000 0.000000 0.000000 1.000000
0.938079 -0.012705 0.346188 99.564049 -0.020545 0.995528 0.092208 49.564053 -0.345811 -0.093611 0.933623 1.108355 0.000000 0.000000 0.000000 1.000000
0.932390 -0.026935 0.360448 98.990662 -0.009468 0.995057 0.098849 48.990665 -0.361329 -0.095579 0.927527 2.127708 0.000000 0.000000 0.000000 1.000000
0.928531 -0.036061 0.369499 98.624168 -0.002395 0.994669 0.103092 48.624172 -0.371247 -0.096609 0.923495 2.779252 0.000000 0.000000 0.000000 1.000000
0.927184 -0.039157 0.372554 98.500000 0.000000 0.994522 0.104528 48.500000 -0.374607 -0.096917 0.922105 3.000000 0.000000 0.000000 0.000000 1.000000
0.927819 -0.037432 0.371148 98.557556 -0.001332 0.994614 0.103640 48.557552 -0.373028 -0.096654 0.922772 2.891289 0.000000 0.000000 0.000000 1.000000
0.929514 -0.032759 0.367328 98.713531 -0.004944 0.994850 0.101233 48.713539 -0.368753 -0.095914 0.924566 2.596643 0.000000 0.000000 0.000000 1.000000
0.931939 -0.025896 0.361688 98.943062 -0.010261 0.995164 0.097690 48.943062 -0.362469 -0.094752 0.927167 2.163102 0.000000 0.000000 0.000000 1.000000
0.934773 -0.017584 0.354811 99.221695 -0.016720 0.995489 0.093387 49.221699 -0.354853 -0.093228 0.930262 1.636794 0.000000 0.000000 0.000000 1.000000
0.937728 -0.008537 0.347266 99.525894 -0.023777 0.995776 0.088687 49.525898 -0.346556 -0.091421 0.933563 1.062189 0.000000 0.000000 0.000000 1.000000
0.940569 0.000574 0.339602 99.833336 -0.030914 0.995992 0.083935 49.833340 -0.338193 -0.089445 0.936817 0.481467 0.000000 0.000000 0.000000 1.000000
0.943114 0.009132 0.332343 100.123169 -0.037644 0.996127 0.079454 50.123169 -0.330330 -0.087445 0.939806 -0.065984 0.000000 0.000000 0.000000 1.000000
0.945232 0.016578 0.325978 100.376205 -0.043523 0.996192 0.075540 50.376202 -0.323485 -0.085591 0.942354 -0.543937 0.000000 0.000000 0.000000 1.000000
0.946828 0.022410 0.320959 100.575058 -0.048143 0.996208 0.072464 50.575058 -0.318118 -0.084063 0.944317 -0.919558 0.000000 0.000000 0.000000 1.000000
0.947832 0.026190 0.317692 100.704216 -0.051144 0.996202 0.070465 50.704216 -0.314640 -0.083037 0.945572 -1.163518 0.000000 0.000000 0.000000 1.000000
0.948182 0.027528 0.316532 100.750000 -0.052208 0.996197 0.069756 50.750000 -0.313408 -0.082667 0.946014 -1.250000 0.000000 0.000000 0.000000 1.000000
0.948039 0.027062 0.317000 100.735596 -0.051873 0.996191 0.070091 50.735596 -0.313896 -0.082893 0.945832 -1.225989 0.000000 0.000000 0.000000 1.000000
0.947659 0.025829 0.318238 100.697464 -0.050986 0.996174 0.070976 50.697468 -0.315188 -0.083487 0.945350 -1.162446 0.000000 0.000000 0.000000 1.000000
0.947098 0.024028 0.320043 100.641853 -0.049692 0.996147 0.072267 50.641853 -0.317074 -0.084347 0.944643 -1.069752 0.000000 0.000000 0.000000 1.000000
0.946402 0.021814 0.322253 100.573662 -0.048106 0.996108 0.073850 50.573666 -0.319388 -0.085394 0.943769 -0.956114 0.000000 0.000000 0.000000 1.000000
0.945608 0.019321 0.324734 100.497025 -0.046323 0.996060 0.075628 50.497021 -0.321993 -0.086557 0.942777 -0.828372 0.000000 0.000000 0.000000 1.000000
0.944750 0.016662 0.327367 100.415520 -0.044427 0.996001 0.077519 50.415516 -0.324766 -0.087780 0.941712 -0.692528 0.000000 0.000000 0.000000 1.000000
0.943862 0.013946 0.330045 100.332474 -0.042496 0.995933 0.079446 50.332474 -0.327595 -0.089011 0.940616 -0.554127 0.000000 0.000000 0.000000 1.000000
0.942978 0.011279 0.332664 100.251129 -0.040604 0.995860 0.081333 50.251133 -0.330369 -0.090202 0.939532 -0.418556 0.000000 0.000000 0.000000 1.000000
0.942136 0.008771 0.335117 100.174797 -0.038830 0.995784 0.083103 50.174801 -0.332975 -0.091307 0.938504 -0.291335 0.000000 0.000000 0.000000 1.000000
0.941378 0.006539 0.337291 100.107040 -0.037255 0.995712 0.084674 50.107044 -0.335291 -0.092276 0.937585 -0.178406 0.000000 0.000000 0.000000 1.000000
0.940754 0.004720 0.339058 100.051910 -0.035973 0.995650 0.085952 50.051907 -0.337177 -0.093057 0.936831 -0.086509 0.000000 0.000000 0.000000 1.000000
0.940323 0.003474 0.340264 100.014206 -0.035097 0.995605 0.086826 50.014206 -0.338467 -0.093587 0.936313 -0.023677 0.000000 0.000000 0.000000 1.000000
0.940161 0.003004 0.340719 100.000000 -0.034767 0.995588 0.087156 50.000000 -0.338954 -0.093786 0.936117 0.000000 0.000000 0.000000 0.000000 1.000000</float_array><technique_common><accessor source="#in_anim_node-Matrix-animation-output-transform-array" count="70" stride="16"><param type="float4x4"/></accessor></technique_common></source><source id="in_anim_node-Interpolations"><Name_array id="in_anim_node-Interpolations-array" count="70">
 LINEAR LINEAR LINEAR LINEAR LINEAR LINEAR LINEAR LINEAR LINEAR LINEAR LINEAR
LINEAR LINEAR LINEAR LINEAR LINEAR LINEAR LINEAR LINEAR LINEAR LINEAR LINEAR LINEAR
LINEAR LINEAR LINEAR LINEAR LINEAR LINEAR LINEAR LINEAR LINEAR LINEAR LINEAR LINEAR
LINEAR LINEAR LINEAR LINEAR LINEAR LINEAR LINEAR LINEAR LINEAR LINEAR LINEAR LINEAR
LINEAR LINEAR LINEAR LINEAR LINEAR LINEAR LINEAR LINEAR LINEAR LINEAR LINEAR LINEAR
LINEAR LINEAR LINEAR LINEAR LINEAR LINEAR LINEAR LINEAR LINEAR LINEAR LINEAR</Name_array><technique_common><accessor source="#in_anim_node-Interpolations-array" count="70"><param type="name"/></accessor></technique_common></source><sampler id="in_anim_node-Matrix-animation-transform"><input semantic="INPUT" source="#in_anim_node-Matrix-animation-input"/><input semantic="OUTPUT" source="#in_anim_node-Matrix-animation-output-transform"/><input semantic="INTERPOLATION" source="#in_anim_node-Interpolations"/></sampler><channel source="#in_anim_node-Matrix-animation-transform" target="in_anim_node/matrix"/></animation></animation>

<animation id="out_anim_node-anim" name="out_anim_node"><animation><source id="out_anim_node-Matrix-animation-input"><float_array id="out_anim_node-Matrix-animation-input-array" count="41">

0.000000 0.041667 0.083333 0.125000 0.166667 0.208333 0.250000 0.291667 0.333333 0.375000 0.416667 0.458333 0.500000 0.541667 0.583333 0.625000
0.666667 0.708333 0.750000 0.791667 0.833333 0.875000 0.916667 0.958333 1.000000 1.041667 1.083333 1.125000 1.166667 1.208333 1.250000 1.291667
1.333333 1.375000 1.416667 1.458333 1.500000 1.541667 1.583333 1.625000 1.666667 1.708333 1.750000 1.791667 1.833333 1.875000 1.916667 1.958333
2.000000 2.041667 2.083333 2.125000 2.166667 2.208333 2.250000 2.291667 2.333333 2.375000 2.416667 2.458333 2.500000</float_array><technique_common><accessor source="#out_anim_node-Matrix-animation-input-array" count="41"><param name="TIME" type="float"/></accessor></technique_common></source><source id="out_anim_node-Matrix-animation-output-transform"><float_array id="out_anim_node-Matrix-animation-output-transform-array" count="656">

0.940161 0.003004 0.340719 100.000000 -0.034767 0.995588 0.087156 50.000000 -0.338954 -0.093786 0.936117 0.000000 0.000000 0.000000 0.000000 1.000000
0.940747 0.000950 0.339107 99.945824 -0.032361 0.995684 0.086984 49.972912 -0.337561 -0.092803 0.936718 0.000000 0.000000 0.000000 0.000000 1.000000
0.942957 -0.007053 0.332841 99.760971 -0.023018 0.996002 0.086316 49.880486 -0.332119 -0.089054 0.939024 0.000000 0.000000 0.000000 0.000000 1.000000
0.947748 -0.026193 0.317943 99.413933 -0.000888 0.996403 0.084735 49.706966 -0.319019 -0.080590 0.944316 0.000000 0.000000 0.000000 0.000000 1.000000
0.954757 -0.061104 0.291040 98.919182 0.038769 0.995886 0.081902 49.459591 -0.294848 -0.066913 0.953199 0.000000 0.000000 0.000000 0.000000 1.000000
0.958873 -0.089503 0.269355 98.418877 0.070442 0.994332 0.079637 49.209438 -0.274956 -0.057388 0.959743 0.000000 0.000000 0.000000 0.000000 1.000000
0.960194 -0.101485 0.260246 98.097816 0.083665 0.993382 0.078690 49.048908 -0.266509 -0.053784 0.962331 0.000000 0.000000 0.000000 0.000000 1.000000
0.960480 -0.104415 0.258021 98.000000 0.086887 0.993124 0.078459 49.000000 -0.264439 -0.052940 0.962948 0.000000 0.000000 0.000000 0.000000 1.000000
0.954894 -0.098942 0.279978 98.860390 0.078375 0.993400 0.083750 49.194035 -0.286417 -0.058029 0.956346 -0.544329 0.000000 0.000000 0.000000 1.000000
0.943004 -0.089471 0.320529 101.001541 0.062472 0.993651 0.093571 49.696575 -0.326866 -0.068214 0.942606 -1.437304 0.000000 0.000000 0.000000 1.000000
0.926407 -0.079533 0.368028 103.988365 0.043494 0.993498 0.105217 50.431576 -0.374003 -0.081466 0.923842 -2.439622 0.000000 0.000000 0.000000 1.000000
0.905371 -0.070463 0.418735 107.549072 0.022744 0.992767 0.117881 51.355362 -0.424012 -0.097202 0.900425 -3.495114 0.000000 0.000000 0.000000 1.000000
0.880028 -0.063037 0.470720 111.491997 0.000839 0.991357 0.131191 52.441460 -0.474921 -0.115057 0.872474 -4.579700 0.000000 0.000000 0.000000 1.000000
0.850531 -0.057793 0.522740 115.666664 -0.021861 0.989200 0.144934 53.674004 -0.525471 -0.134698 0.840082 -5.680339 0.000000 0.000000 0.000000 1.000000
0.817080 -0.055127 0.573882 119.941628 -0.045116 0.986251 0.158974 55.044666 -0.574756 -0.155786 0.803360 -6.788942 0.000000 0.000000 0.000000 1.000000
0.779927 -0.055338 0.623419 124.188499 -0.068749 0.982481 0.173219 56.551491 -0.622083 -0.177958 0.762459 -7.899991 0.000000 0.000000 0.000000 1.000000
0.739365 -0.058644 0.670746 128.266281 -0.092626 0.977869 0.187598 58.199009 -0.666903 -0.200832 0.717570 -9.009448 0.000000 0.000000 0.000000 1.000000
0.695726 -0.065195 0.715343 132.000000 -0.116634 0.972404 0.202058 60.000000 -0.708775 -0.224010 0.668922 -10.114172 0.000000 0.000000 0.000000 1.000000
0.649371 -0.075074 0.756757 135.601929 -0.140679 0.966081 0.216556 62.131523 -0.747347 -0.247085 0.616784 -11.211600 0.000000 0.000000 0.000000 1.000000
0.600682 -0.088304 0.794596 139.410812 -0.164679 0.958903 0.231054 64.736801 -0.782344 -0.269643 0.561454 -12.299544 0.000000 0.000000 0.000000 1.000000
0.550056 -0.104852 0.828519 143.363068 -0.188560 0.950876 0.245522 67.722542 -0.813562 -0.291276 0.503264 -13.376064 0.000000 0.000000 0.000000 1.000000
0.497897 -0.124627 0.858235 147.355438 -0.212256 0.942010 0.259931 70.911263 -0.840860 -0.311585 0.442572 -14.439384 0.000000 0.000000 0.000000 1.000000
0.444609 -0.147488 0.883499 151.272964 -0.235708 0.932323 0.274256 74.086357 -0.864155 -0.330185 0.379755 -15.487815 0.000000 0.000000 0.000000 1.000000
0.390589 -0.173247 0.904116 155.025970 -0.258861 0.921832 0.288473 77.062538 -0.883420 -0.346715 0.315211 -16.519720 0.000000 0.000000 0.000000 1.000000
0.336225 -0.201670 0.919936 158.567764 -0.281663 0.910562 0.302560 79.727600 -0.898676 -0.360840 0.249351 -17.533474 0.000000 0.000000 0.000000 1.000000
0.281887 -0.232486 0.930855 161.888519 -0.304068 0.898540 0.316494 82.039154 -0.909990 -0.372259 0.182595 -18.527428 0.000000 0.000000 0.000000 1.000000
0.227923 -0.265386 0.936815 165.000000 -0.326034 0.885795 0.330255 84.000000 -0.917471 -0.380706 0.115368 -19.499874 0.000000 0.000000 0.000000 1.000000
0.174658 -0.300034 0.937803 167.855804 -0.347521 0.872363 0.343820 85.731071 -0.921262 -0.385957 0.048097 -20.449032 0.000000 0.000000 0.000000 1.000000
0.122389 -0.336070 0.933851 170.481689 -0.368495 0.858279 0.357167 87.368408 -0.921538 -0.387833 -0.018797 -21.372999 0.000000 0.000000 0.000000 1.000000
0.071380 -0.373115 0.925035 172.958069 -0.388925 0.843585 0.370273 88.939865 -0.918500 -0.386199 -0.084899 -22.269743 0.000000 0.000000 0.000000 1.000000
0.021864 -0.410777 0.911474 175.332001 -0.408782 0.828326 0.383111 90.461479 -0.912370 -0.380970 -0.149807 -23.137053 0.000000 0.000000 0.000000 1.000000
-0.025957 -0.448660 0.893326 177.634232 -0.428044 0.812550 0.395654 91.943459 -0.903385 -0.372113 -0.213137 -23.972498 0.000000 0.000000 0.000000 1.000000
-0.071917 -0.486363 0.870792 179.886658 -0.446691 0.796309 0.407871 93.392708 -0.891793 -0.359642 -0.274522 -24.773394 0.000000 0.000000 0.000000 1.000000
-0.115883 -0.523496 0.844111 182.105942 -0.464710 0.779662 0.419729 94.814194 -0.877847 -0.343627 -0.333623 -25.536739 0.000000 0.000000 0.000000 1.000000
-0.157753 -0.559672 0.813561 184.305588 -0.482091 0.762672 0.431185 96.211578 -0.861802 -0.324189 -0.390127 -26.259151 0.000000 0.000000 0.000000 1.000000
-0.197456 -0.594526 0.779455 186.497131 -0.498830 0.745409 0.442192 97.587616 -0.843907 -0.301502 -0.443753 -26.936771 0.000000 0.000000 0.000000 1.000000
-0.234949 -0.627709 0.742146 188.690933 -0.514931 0.727955 0.452689 98.944420 -0.824406 -0.275795 -0.494259 -27.565182 0.000000 0.000000 0.000000 1.000000
-0.270211 -0.658896 0.702027 190.896851 -0.530405 0.710401 0.462603 100.283646 -0.803528 -0.247358 -0.541440 -28.139236 0.000000 0.000000 0.000000 1.000000
-0.303244 -0.687792 0.659534 193.124695 -0.545271 0.692857 0.471835 101.606544 -0.781487 -0.216544 -0.585138 -28.652895 0.000000 0.000000 0.000000 1.000000
-0.334064 -0.714127 0.615162 195.384720 -0.559563 0.675459 0.480254 102.914055 -0.758479 -0.183786 -0.625245 -29.098974 0.000000 0.000000 0.000000 1.000000
-0.362696 -0.737661 0.569480 197.688126 -0.573327 0.658384 0.487674 104.206871 -0.734675 -0.149620 -0.661714 -29.468801 0.000000 0.000000 0.000000 1.000000
-0.389164 -0.758172 0.523188 200.047745 -0.586635 0.641878 0.493813 105.485405 -0.710219 -0.114746 -0.694567 -29.751740 0.000000 0.000000 0.000000 1.000000
-0.413477 -0.775437 0.477216 202.478729 -0.599594 0.626319 0.498208 106.749817 -0.685218 -0.080138 -0.723916 -29.934481 0.000000 0.000000 0.000000 1.000000
-0.435596 -0.789149 0.433013 205.000000 -0.612372 0.612372 0.500000 108.000000 -0.659740 -0.047367 -0.750000 -30.000000 0.000000 0.000000 0.000000 1.000000
-0.457438 -0.799112 0.390091 207.753693 -0.626957 0.600920 0.495802 109.282913 -0.630615 -0.017771 -0.775893 -30.000000 0.000000 0.000000 0.000000 1.000000
-0.480395 -0.805912 0.346015 210.824875 -0.645285 0.591972 0.482884 110.633224 -0.593993 0.008697 -0.804423 -30.000000 0.000000 0.000000 0.000000 1.000000
-0.503379 -0.810303 0.300031 214.150818 -0.667342 0.585154 0.460705 112.032166 -0.548875 0.031686 -0.835303 -30.000000 0.000000 0.000000 0.000000 1.000000
-0.525024 -0.813116 0.251381 217.668854 -0.692787 0.579869 0.428718 113.460960 -0.494365 0.050934 -0.867761 -30.000000 0.000000 0.000000 0.000000 1.000000
-0.543685 -0.815240 0.199473 221.316437 -0.720870 0.575312 0.386474 114.900894 -0.429829 0.066326 -0.900471 -30.000000 0.000000 0.000000 0.000000 1.000000
-0.557505 -0.817572 0.144099 225.031174 -0.750382 0.570524 0.333810 116.333252 -0.355125 0.077972 -0.931561 -30.000000 0.000000 0.000000 0.000000 1.000000
-0.564579 -0.820921 0.085662 228.750641 -0.779662 0.564489 0.271072 117.739342 -0.270884 0.086254 -0.958740 -30.000000 0.000000 0.000000 0.000000 1.000000
-0.563259 -0.825891 0.025357 232.412460 -0.806710 0.556299 0.199378 119.100487 -0.178770 0.091846 -0.979595 -30.000000 0.000000 0.000000 0.000000 1.000000
-0.552570 -0.832740 -0.034803 235.954315 -0.829458 0.545343 0.120830 120.397995 -0.081641 0.095635 -0.992063 -30.000000 0.000000 0.000000 0.000000 1.000000
-0.532652 -0.841298 -0.092197 239.313873 -0.846173 0.531511 0.038576 121.613174 0.016550 0.098563 -0.994993 -30.000000 0.000000 0.000000 0.000000 1.000000
-0.505047 -0.850984 -0.144063 242.428711 -0.855905 0.515311 -0.043379 122.727303 0.111152 0.101396 -0.988617 -30.000000 0.000000 0.000000 0.000000 1.000000
-0.472657 -0.860938 -0.188098 245.236389 -0.858831 0.497855 -0.120625 123.721664 0.197496 0.104530 -0.974715 -30.000000 0.000000 0.000000 0.000000 1.000000
-0.439289 -0.870239 -0.222956 247.674393 -0.856305 0.480665 -0.188952 124.577499 0.271600 0.107914 -0.956341 -30.000000 0.000000 0.000000 0.000000 1.000000
-0.408929 -0.878101 -0.248428 249.680099 -0.850551 0.465386 -0.244906 125.276009 0.330667 0.111151 -0.937179 -30.000000 0.000000 0.000000 0.000000 1.000000
-0.385007 -0.883984 -0.265221 251.190735 -0.844106 0.453474 -0.286087 125.798363 0.373167 0.113729 -0.920767 -30.000000 0.000000 0.000000 0.000000 1.000000
-0.369912 -0.887590 -0.274499 252.143402 -0.839223 0.445979 -0.311139 126.125679 0.398585 0.115272 -0.909859 -30.000000 0.000000 0.000000 0.000000 1.000000
-0.364814 -0.888799 -0.277394 252.475006 -0.837416 0.443445 -0.319517 126.238998 0.406995 0.115730 -0.906069 -30.000000 0.000000 0.000000 0.000000 1.000000</float_array><technique_common><accessor source="#out_anim_node-Matrix-animation-output-transform-array" count="41" stride="16"><param type="float4x4"/></accessor></technique_common></source><source id="out_anim_node-Interpolations"><Name_array id="out_anim_node-Interpolations-array" count="41">
 LINEAR LINEAR LINEAR LINEAR LINEAR LINEAR LINEAR LINEAR LINEAR LINEAR LINEAR
LINEAR LINEAR LINEAR LINEAR LINEAR LINEAR LINEAR LINEAR LINEAR LINEAR LINEAR LINEAR
LINEAR LINEAR LINEAR LINEAR LINEAR LINEAR LINEAR LINEAR LINEAR LINEAR LINEAR LINEAR
LINEAR LINEAR LINEAR LINEAR LINEAR LINEAR LINEAR LINEAR LINEAR LINEAR LINEAR LINEAR
LINEAR LINEAR LINEAR LINEAR LINEAR LINEAR LINEAR LINEAR LINEAR LINEAR LINEAR LINEAR
LINEAR LINEAR</Name_array><technique_common><accessor source="#out_anim_node-Interpolations-array" count="41"><param type="name"/></accessor></technique_common></source><sampler id="out_anim_node-Matrix-animation-transform"><input semantic="INPUT" source="#out_anim_node-Matrix-animation-input"/><input semantic="OUTPUT" source="#out_anim_node-Matrix-animation-output-transform"/><input semantic="INTERPOLATION" source="#out_anim_node-Interpolations"/></sampler><channel source="#out_anim_node-Matrix-animation-transform" target="out_anim_node/matrix"/></animation></animation>
  </library_animations>
  <library_visual_scenes>
    <visual_scene id="rail" name="rail">
      <node name="in_anim_node" id="in_anim_node" sid="in_anim_node"><matrix sid="matrix">0.416852 0.662048 0.193544 0.000000 0.689470 -0.393394 -0.139301 0.000000 -0.019958 0.237625 -0.769850 0.000000 0.000000 0.000000 0.000000 1.000000</matrix><instance_geometry url="#in_anim_node-lib"><bind_material><technique_common><instance_material symbol="gold_ball_nmapped_mat7" target="#gold_ball_nmapped_mat7"/></technique_common></bind_material></instance_geometry><extra><technique profile="FCOLLADA"><visibility>1.000000</visibility></technique></extra></node>
      <extra><technique profile="MAX3D"><frame_rate>24.000000</frame_rate></technique><technique profile="FCOLLADA"><start_time>0.041667</start_time><end_time>8.333333</end_time></technique></extra>
      <node name="out_anim_node" id="out_anim_node" sid="out_anim_node"><matrix sid="matrix">0.416852 0.662048 0.193544 0.000000 0.689470 -0.393394 -0.139301 0.000000 -0.019958 0.237625 -0.769850 0.000000 0.000000 0.000000 0.000000 1.000000</matrix><instance_geometry url="#out_anim_node-lib"><bind_material><technique_common><instance_material symbol="gold_ball_nmapped_mat8" target="#gold_ball_nmapped_mat8"/></technique_common></bind_material></instance_geometry><extra><technique profile="FCOLLADA"><visibility>1.000000</visibility></technique></extra></node>
      <extra><technique profile="MAX3D"><frame_rate>24.000000</frame_rate></technique><technique profile="FCOLLADA"><start_time>0.041667</start_time><end_time>8.333333</end_time></technique></extra>
    </visual_scene>
  </library_visual_scenes>
  <scene>
    <instance_visual_scene url="#rail"></instance_visual_scene>
  </scene>
</COLLADA>
