<?xml version="1.0" encoding="utf-8"?>
<COLLADA xmlns="http://www.collada.org/2005/11/COLLADASchema" version="1.4.1">
  <asset><contributor><author></author><authoring_tool>FBX COLLADA exporter</authoring_tool><comments></comments></contributor><created>2016-09-07T15:42:51Z</created><keywords></keywords><modified>2016-09-07T15:42:51Z</modified><revision></revision><subject></subject><title></title><unit meter="0.010000" name="centimeter"></unit><up_axis>Y_UP</up_axis></asset>
  <library_animations>
    <animation id="Rocket1-anim" name="Rocket1"><animation><source id="Rocket1-Matrix-animation-input"><float_array id="Rocket1-Matrix-animation-input-array" count="61">

0.000000 0.033333 0.066667 0.100000 0.133333 0.166667 0.200000 0.233333 0.266667 0.300000 0.333333 0.366667 0.400000 0.433333 0.466667 0.500000
0.533333 0.566667 0.600000 0.633333 0.666667 0.700000 0.733333 0.766667 0.800000 0.833333 0.866667 0.900000 0.933333 0.966667 1.000000 1.033333
1.066667 1.100000 1.133333 1.166667 1.200000 1.233333 1.266667 1.300000 1.333333 1.366667 1.400000 1.433333 1.466667 1.500000 1.533333 1.566667
1.600000 1.633333 1.666667 1.700000 1.733333 1.766667 1.800000 1.833333 1.866667 1.900000 1.933333 1.966667 2.000000</float_array><technique_common><accessor source="#Rocket1-Matrix-animation-input-array" count="61"><param name="TIME" type="float"/></accessor></technique_common></source><source id="Rocket1-Matrix-animation-output-transform"><float_array id="Rocket1-Matrix-animation-output-transform-array" count="976">

0.000000 0.090064 -0.995936 5.450530 -0.000000 0.995936 0.090064 -3.155150 1.000000 -0.000000 0.000000 0.020019 0.000000 0.000000 0.000000 1.000000
0.000000 0.090356 -0.995910 5.067410 -0.000000 0.995910 0.090356 -3.120510 1.000000 -0.000000 0.000000 0.019935 0.000000 0.000000 0.000000 1.000000
0.000000 0.091136 -0.995838 3.764410 -0.000000 0.995838 0.091136 -3.002510 1.000000 -0.000000 0.000000 0.019489 0.000000 0.000000 0.000000 1.000000
0.000000 0.092326 -0.995729 1.632410 -0.000000 0.995729 0.092326 -2.809360 1.000000 -0.000000 0.000000 0.018678 0.000000 0.000000 0.000000 1.000000
0.000000 0.093922 -0.995580 -1.297970 -0.000000 0.995580 0.093922 -2.543820 1.000000 -0.000000 0.000000 0.017515 0.000000 0.000000 0.000000 1.000000
0.000000 0.095944 -0.995387 -5.006600 -0.000000 0.995387 0.095944 -2.207730 1.000000 -0.000000 0.000000 0.016014 0.000000 0.000000 0.000000 1.000000
0.000000 0.098428 -0.995144 -9.454800 -0.000000 0.995144 0.098428 -1.804590 1.000000 -0.000000 0.000000 0.014193 0.000000 0.000000 0.000000 1.000000
0.000000 0.101425 -0.994843 -14.617300 -0.000000 0.994843 0.101425 -1.336690 1.000000 -0.000000 0.000000 0.012069 0.000000 0.000000 0.000000 1.000000
0.000000 0.105005 -0.994472 -20.462700 -0.000000 0.994472 0.105005 -0.806879 1.000000 -0.000000 0.000000 0.009664 0.000000 0.000000 0.000000 1.000000
0.000000 0.109265 -0.994013 -26.958900 -0.000000 0.994013 0.109265 -0.218063 1.000000 -0.000000 0.000000 0.007009 0.000000 0.000000 0.000000 1.000000
0.000000 0.114342 -0.993441 -34.083900 -0.000000 0.993441 0.114342 0.427751 1.000000 -0.000000 0.000000 0.004168 0.000000 0.000000 0.000000 1.000000
0.000000 0.120434 -0.992721 -41.765999 -0.000000 0.992721 0.120434 1.220830 1.000000 -0.000000 0.000000 0.056463 0.000000 0.000000 0.000000 1.000000
0.000000 0.127848 -0.991794 -49.993500 -0.000000 0.991794 0.127848 2.375040 1.000000 -0.000000 0.000000 0.177727 0.000000 0.000000 0.000000 1.000000
0.000000 0.137102 -0.990557 -58.755901 -0.000000 0.990557 0.137102 3.686940 1.000000 -0.000000 0.000000 0.290052 0.000000 0.000000 0.000000 1.000000
0.000000 0.149211 -0.988805 -67.987503 -0.000000 0.988805 0.149211 5.143320 1.000000 -0.000000 0.000000 0.395426 0.000000 0.000000 0.000000 1.000000
0.000000 0.166811 -0.985989 -77.689400 -0.000000 0.985989 0.166811 6.754530 1.000000 -0.000000 0.000000 0.492930 0.000000 0.000000 0.000000 1.000000
0.000000 0.191766 -0.981441 -87.816498 -0.000000 0.981441 0.191766 8.530080 1.000000 -0.000000 0.000000 0.579809 0.000000 0.000000 0.000000 1.000000
0.000000 0.222524 -0.974927 -98.334801 -0.000000 0.974927 0.222524 10.487900 1.000000 -0.000000 0.000000 0.652302 0.000000 0.000000 0.000000 1.000000
0.000000 0.260692 -0.965422 -109.207001 -0.000000 0.965422 0.260692 12.655200 1.000000 -0.000000 0.000000 0.705105 0.000000 0.000000 0.000000 1.000000
0.000000 0.308440 -0.951244 -120.389000 -0.000000 0.951244 0.308440 15.073800 1.000000 -0.000000 0.000000 0.730444 0.000000 0.000000 0.000000 1.000000
0.000000 0.368858 -0.929486 -131.841995 -0.000000 0.929486 0.368858 17.816299 1.000000 -0.000000 0.000000 0.715992 0.000000 0.000000 0.000000 1.000000
0.000000 0.446721 -0.894673 -143.479996 -0.000000 0.894673 0.446721 21.010500 1.000000 -0.000000 0.000000 0.639622 0.000000 0.000000 0.000000 1.000000
0.000000 0.550378 -0.834915 -155.160004 -0.000000 0.834915 0.550378 24.947100 1.000000 -0.000000 0.000000 0.452441 0.000000 0.000000 0.000000 1.000000
0.000000 0.698621 -0.715492 -166.313004 -0.000000 0.715492 0.698621 30.647600 1.000000 -0.000000 0.000000 -0.019077 0.000000 0.000000 0.000000 1.000000
0.000000 0.892562 -0.450925 -175.322006 -0.000000 0.450925 0.892562 39.633701 1.000000 -0.000000 0.000000 -0.568069 0.000000 0.000000 0.000000 1.000000
0.000000 0.999820 0.018952 -180.917007 -0.000000 -0.018952 0.999820 51.236801 1.000000 -0.000000 0.000000 -0.606363 0.000000 0.000000 0.000000 1.000000
0.000000 0.874069 0.485802 -181.292007 -0.000000 -0.485802 0.874069 64.219101 1.000000 -0.000000 0.000000 -0.227931 0.000000 0.000000 0.000000 1.000000
0.000000 0.625618 0.780129 -174.917007 -0.000000 -0.780129 0.625618 75.591499 1.000000 -0.000000 0.000000 0.049423 0.000000 0.000000 0.000000 1.000000
0.000000 0.302948 0.953007 -164.080002 -0.000000 -0.953007 0.302948 83.188904 1.000000 -0.000000 0.000000 0.120112 0.000000 0.000000 0.000000 1.000000
-0.000000 -0.065908 0.997826 -151.156998 -0.000000 -0.997826 -0.065908 86.381699 1.000000 -0.000000 -0.000000 0.110160 0.000000 0.000000 0.000000 1.000000
-0.000000 -0.438569 0.898698 -137.856003 -0.000000 -0.898698 -0.438569 85.202698 1.000000 -0.000000 -0.000000 0.058412 0.000000 0.000000 0.000000 1.000000
-0.000000 -0.749734 0.661739 -125.650002 -0.000000 -0.661739 -0.749734 79.811203 1.000000 -0.000000 -0.000000 0.008677 0.000000 0.000000 0.000000 1.000000
-0.000000 -0.947696 0.319174 -116.420998 -0.000000 -0.319174 -0.947696 70.273003 1.000000 -0.000000 -0.000000 -0.001931 0.000000 0.000000 0.000000 1.000000
-0.000000 -0.992068 -0.125702 -112.357002 -0.000000 0.125702 -0.992068 57.733101 1.000000 -0.000000 -0.000000 -0.008209 0.000000 0.000000 0.000000 1.000000
-0.000000 -0.839947 -0.542669 -115.356003 -0.000000 0.542669 -0.839947 45.018501 1.000000 -0.000000 -0.000000 -0.009914 0.000000 0.000000 0.000000 1.000000
-0.000000 -0.623798 -0.781586 -123.595001 -0.000000 0.781586 -0.623798 34.901798 1.000000 -0.000000 -0.000000 -0.005523 0.000000 0.000000 0.000000 1.000000
-0.000000 -0.460455 -0.887683 -134.082993 -0.000000 0.887683 -0.460455 27.332300 1.000000 -0.000000 -0.000000 -0.004239 0.000000 0.000000 0.000000 1.000000
-0.000000 -0.365395 -0.930852 -145.623001 -0.000000 0.930852 -0.365395 21.861500 1.000000 -0.000000 -0.000000 -0.094410 0.000000 0.000000 0.000000 1.000000
-0.000000 -0.306988 -0.951713 -157.514999 -0.000000 0.951713 -0.306988 17.780001 1.000000 -0.000000 -0.000000 -0.241290 0.000000 0.000000 0.000000 1.000000
-0.000000 -0.259645 -0.965704 -169.429001 -0.000000 0.965704 -0.259645 14.593200 1.000000 -0.000000 -0.000000 -0.401644 0.000000 0.000000 0.000000 1.000000
-0.000000 -0.212365 -0.977190 -181.220001 -0.000000 0.977190 -0.212365 12.026500 1.000000 -0.000000 -0.000000 -0.552459 0.000000 0.000000 0.000000 1.000000
-0.000000 -0.176489 -0.984303 -192.796997 -0.000000 0.984303 -0.176489 9.914370 1.000000 -0.000000 -0.000000 -0.679037 0.000000 0.000000 0.000000 1.000000
-0.000000 -0.152912 -0.988240 -204.100998 -0.000000 0.988240 -0.152912 8.146590 1.000000 -0.000000 -0.000000 -0.770677 0.000000 0.000000 0.000000 1.000000
-0.000000 -0.134882 -0.990862 -215.082993 -0.000000 0.990862 -0.134882 6.645690 1.000000 -0.000000 -0.000000 -0.818550 0.000000 0.000000 0.000000 1.000000
-0.000000 -0.120239 -0.992745 -225.701996 -0.000000 0.992745 -0.120239 5.353300 1.000000 -0.000000 -0.000000 -0.814633 0.000000 0.000000 0.000000 1.000000
-0.000000 -0.107957 -0.994156 -235.917999 -0.000000 0.994156 -0.107957 4.224350 1.000000 -0.000000 -0.000000 -0.750948 0.000000 0.000000 0.000000 1.000000
-0.000000 -0.097455 -0.995240 -245.701004 -0.000000 0.995240 -0.097455 3.220310 1.000000 -0.000000 -0.000000 -0.618775 0.000000 0.000000 0.000000 1.000000
-0.000000 -0.088364 -0.996088 -255.007996 -0.000000 0.996088 -0.088364 2.309350 1.000000 -0.000000 -0.000000 -0.408096 0.000000 0.000000 0.000000 1.000000
-0.000000 -0.080436 -0.996760 -263.811005 -0.000000 0.996760 -0.080436 1.460190 1.000000 -0.000000 -0.000000 -0.105832 0.000000 0.000000 0.000000 1.000000
-0.000000 -0.073495 -0.997296 -272.080994 -0.000000 0.997296 -0.073495 0.818782 1.000000 -0.000000 -0.000000 -0.015081 0.000000 0.000000 0.000000 1.000000
-0.000000 -0.067409 -0.997725 -279.811005 -0.000000 0.997725 -0.067409 0.269226 1.000000 -0.000000 -0.000000 -0.011585 0.000000 0.000000 0.000000 1.000000
-0.000000 -0.062080 -0.998071 -286.944000 -0.000000 0.998071 -0.062080 -0.237556 1.000000 -0.000000 -0.000000 -0.008996 0.000000 0.000000 0.000000 1.000000
-0.000000 -0.057434 -0.998349 -293.453003 -0.000000 0.998349 -0.057434 -0.699819 1.000000 -0.000000 -0.000000 -0.006907 0.000000 0.000000 0.000000 1.000000
-0.000000 -0.053411 -0.998573 -299.307007 -0.000000 0.998573 -0.053411 -1.115490 1.000000 -0.000000 -0.000000 -0.005180 0.000000 0.000000 0.000000 1.000000
-0.000000 -0.049968 -0.998751 -304.479004 -0.000000 0.998751 -0.049968 -1.482640 1.000000 -0.000000 -0.000000 -0.003748 0.000000 0.000000 0.000000 1.000000
-0.000000 -0.047073 -0.998891 -308.933990 -0.000000 0.998891 -0.047073 -1.798870 1.000000 -0.000000 -0.000000 -0.002573 0.000000 0.000000 0.000000 1.000000
-0.000000 -0.044702 -0.999000 -312.644989 -0.000000 0.999000 -0.044702 -2.062330 1.000000 -0.000000 -0.000000 -0.001634 0.000000 0.000000 0.000000 1.000000
-0.000000 -0.042842 -0.999082 -315.587006 -0.000000 0.999082 -0.042842 -2.271080 1.000000 -0.000000 -0.000000 -0.000915 0.000000 0.000000 0.000000 1.000000
-0.000000 -0.041493 -0.999139 -317.726990 -0.000000 0.999139 -0.041493 -2.422970 1.000000 -0.000000 -0.000000 -0.000406 0.000000 0.000000 0.000000 1.000000
-0.000000 -0.040662 -0.999173 -319.032013 -0.000000 0.999173 -0.040662 -2.515570 1.000000 -0.000000 -0.000000 -0.000104 0.000000 0.000000 0.000000 1.000000
-0.000000 -0.040376 -0.999185 -319.459015 -0.000000 0.999185 -0.040376 -2.545910 1.000000 -0.000000 -0.000000 -0.000007 0.000000 0.000000 0.000000 1.000000</float_array><technique_common><accessor source="#Rocket1-Matrix-animation-output-transform-array" count="61" stride="16"><param type="float4x4"/></accessor></technique_common></source><source id="Rocket1-Interpolations"><Name_array id="Rocket1-Interpolations-array" count="61">
 LINEAR LINEAR LINEAR LINEAR LINEAR LINEAR LINEAR LINEAR LINEAR LINEAR LINEAR
LINEAR LINEAR LINEAR LINEAR LINEAR LINEAR LINEAR LINEAR LINEAR LINEAR LINEAR LINEAR
LINEAR LINEAR LINEAR LINEAR LINEAR LINEAR LINEAR LINEAR LINEAR LINEAR LINEAR LINEAR
LINEAR LINEAR LINEAR LINEAR LINEAR LINEAR LINEAR LINEAR LINEAR LINEAR LINEAR LINEAR
LINEAR LINEAR LINEAR LINEAR LINEAR LINEAR LINEAR LINEAR LINEAR LINEAR LINEAR LINEAR
LINEAR LINEAR</Name_array><technique_common><accessor source="#Rocket1-Interpolations-array" count="61"><param type="name"/></accessor></technique_common></source><sampler id="Rocket1-Matrix-animation-transform"><input semantic="INPUT" source="#Rocket1-Matrix-animation-input"/><input semantic="OUTPUT" source="#Rocket1-Matrix-animation-output-transform"/><input semantic="INTERPOLATION" source="#Rocket1-Interpolations"/></sampler><channel source="#Rocket1-Matrix-animation-transform" target="Rocket1/matrix"/></animation></animation>
  </library_animations>
  <library_visual_scenes>
    <visual_scene id="rocket" name="rocket">
      <node name="Rocket1" id="Rocket1" sid="Rocket1"><matrix sid="matrix">0.000000 0.090064 -0.995936 5.450530 -0.000000 0.995936 0.090064 -3.155150 1.000000 -0.000000 0.000000 0.020019 0.000000 0.000000 0.000000 1.000000</matrix><extra><technique profile="FCOLLADA"><visibility>1.000000</visibility></technique></extra></node>
      <extra><technique profile="MAX3D"><frame_rate>30.000000</frame_rate></technique><technique profile="FCOLLADA"><start_time>0.000000</start_time><end_time>8.333333</end_time></technique></extra>
    </visual_scene>
  </library_visual_scenes>
  <scene>
    <instance_visual_scene url="#rocket"></instance_visual_scene>
  </scene>
</COLLADA>
