<?xml version="1.0" encoding="utf-8"?>
<COLLADA xmlns="http://www.collada.org/2005/11/COLLADASchema" version="1.4.1">
  <asset><contributor><author></author><authoring_tool>FBX COLLADA exporter</authoring_tool><comments></comments></contributor><created>2016-02-18T09:32:21Z</created><keywords></keywords><modified>2016-02-18T09:32:21Z</modified><revision></revision><subject></subject><title></title><unit meter="0.010000" name="centimeter"></unit><up_axis>Y_UP</up_axis></asset>
  <library_animations>
<animation id="rotation_anim_node-anim" name="rotation_anim_node"><animation><source id="rotation_anim_node-Matrix-animation-input"><float_array id="rotation_anim_node-Matrix-animation-input-array" count="31">

0.000000 0.041667 0.083333 0.125000 0.166667 0.208333 0.250000 0.291667 0.333333 0.375000 0.416667 0.458333 0.500000 0.541667 0.583333 0.625000
0.666667 0.708333 0.750000 0.791667 0.833333 0.875000 0.916667 0.958333 1.000000 1.041667 1.083333 1.125000 1.166667 1.208333 1.250000</float_array><technique_common><accessor source="#rotation_anim_node-Matrix-animation-input-array" count="31"><param name="TIME" type="float"/></accessor></technique_common></source><source id="rotation_anim_node-Matrix-animation-output-transform"><float_array id="rotation_anim_node-Matrix-animation-output-transform-array" count="496">

0.940161 0.003004 0.340719 0.000000 -0.034767 0.995588 0.087156 0.000000 -0.338954 -0.093786 0.936117 0.000000 0.000000 0.000000 0.000000 1.000000
0.931044 0.000568 0.364906 0.000000 -0.034767 0.995588 0.087156 0.000000 -0.363246 -0.093832 0.926956 0.000000 0.000000 0.000000 0.000000 1.000000
0.900398 -0.006640 0.435017 0.000000 -0.034767 0.995588 0.087156 0.000000 -0.433676 -0.093599 0.896194 0.000000 0.000000 0.000000 0.000000 1.000000
0.838704 -0.018359 0.544278 0.000000 -0.034767 0.995588 0.087156 0.000000 -0.543476 -0.092021 0.834365 0.000000 0.000000 0.000000 0.000000 1.000000
0.732324 -0.033965 0.680109 0.000000 -0.034767 0.995588 0.087156 0.000000 -0.680068 -0.087471 0.727912 0.000000 0.000000 0.000000 0.000000 1.000000
0.567316 -0.052135 0.821849 0.000000 -0.034767 0.995588 0.087156 0.000000 -0.822766 -0.078018 0.563000 0.000000 0.000000 0.000000 0.000000 1.000000
0.335116 -0.070546 0.939532 0.000000 -0.034767 0.995588 0.087156 0.000000 -0.941535 -0.061872 0.331184 0.000000 0.000000 0.000000 0.000000 1.000000
0.039645 -0.085766 0.995526 0.000000 -0.034767 0.995588 0.087156 0.000000 -0.998609 -0.038067 0.036489 0.000000 0.000000 0.000000 0.000000 1.000000
-0.295834 -0.093552 0.950647 0.000000 -0.034767 0.995588 0.087156 0.000000 -0.954606 -0.007267 -0.297782 0.000000 0.000000 0.000000 0.000000 1.000000
-0.625207 -0.089703 0.775287 0.000000 -0.034767 0.995588 0.087156 0.000000 -0.779684 0.027536 -0.625567 0.000000 0.000000 0.000000 0.000000 1.000000
-0.883078 -0.071436 0.463756 0.000000 -0.034767 0.995588 0.087156 0.000000 -0.467936 0.060842 -0.881665 0.000000 0.000000 0.000000 0.000000 1.000000
-0.998128 -0.038980 0.047120 0.000000 -0.034767 0.995588 0.087156 0.000000 -0.050309 0.085354 -0.995080 0.000000 0.000000 0.000000 0.000000 1.000000
-0.915473 0.003255 -0.402366 0.000000 -0.034767 0.995588 0.087156 0.000000 0.400874 0.093778 -0.911321 0.000000 0.000000 0.000000 0.000000 1.000000
-0.622125 0.046691 -0.781524 0.000000 -0.034767 0.995588 0.087156 0.000000 0.782145 0.081393 -0.617757 0.000000 0.000000 0.000000 0.000000 1.000000
-0.165110 0.080288 -0.983002 0.000000 -0.034767 0.995588 0.087156 0.000000 0.985662 0.048566 -0.161591 0.000000 0.000000 0.000000 0.000000 1.000000
0.348900 0.093813 -0.932453 0.000000 -0.034767 0.995588 0.087156 0.000000 0.936515 0.002010 0.350622 0.000000 0.000000 0.000000 0.000000 1.000000
0.778262 0.081682 -0.622604 0.000000 -0.034767 0.995588 0.087156 0.000000 0.626976 -0.046184 0.777668 0.000000 0.000000 0.000000 0.000000 1.000000
0.990719 0.045800 -0.127980 0.000000 -0.034767 0.995588 0.087156 0.000000 0.131407 -0.081897 0.987940 0.000000 0.000000 0.000000 0.000000 1.000000
0.911900 -0.004082 0.410393 0.000000 -0.034767 0.995588 0.087156 0.000000 -0.408938 -0.093745 0.907734 0.000000 0.000000 0.000000 0.000000 1.000000
0.557438 -0.053064 0.828521 0.000000 -0.034767 0.995588 0.087156 0.000000 -0.829491 -0.077389 0.553133 0.000000 0.000000 0.000000 0.000000 1.000000
0.032989 -0.086018 0.995747 0.000000 -0.034767 0.995588 0.087156 0.000000 -0.998851 -0.037494 0.029853 0.000000 0.000000 0.000000 0.000000 1.000000
-0.500029 -0.092837 0.861018 0.000000 -0.034767 0.995588 0.087156 0.000000 -0.865310 0.013646 -0.501051 0.000000 0.000000 0.000000 0.000000 1.000000
-0.879803 -0.071857 0.469876 0.000000 -0.034767 0.995588 0.087156 0.000000 -0.474066 0.060344 -0.878419 0.000000 0.000000 0.000000 0.000000 1.000000
-0.998078 -0.030112 -0.054164 0.000000 -0.034767 0.995588 0.087156 0.000000 0.051301 0.088871 -0.994721 0.000000 0.000000 0.000000 0.000000 1.000000
-0.831833 0.019510 -0.554683 0.000000 -0.034767 0.995588 0.087156 0.000000 0.553936 0.091783 -0.827485 0.000000 0.000000 0.000000 0.000000 1.000000
-0.442723 0.062842 -0.894454 0.000000 -0.034767 0.995588 0.087156 0.000000 0.895984 0.069683 -0.438585 0.000000 0.000000 0.000000 0.000000 1.000000
0.051491 0.088877 -0.994711 0.000000 -0.034766 0.995588 0.087156 0.000000 0.998068 0.030095 0.054353 0.000000 0.000000 0.000000 0.000000 1.000000
0.519063 0.092512 -0.849715 0.000000 -0.034767 0.995588 0.087156 0.000000 0.854029 -0.015698 0.519989 0.000000 0.000000 0.000000 0.000000 1.000000
0.853136 0.074988 -0.516270 0.000000 -0.034767 0.995588 0.087156 0.000000 0.520528 -0.056407 0.851979 0.000000 0.000000 0.000000 0.000000 1.000000
0.995312 0.042368 -0.086940 0.000000 -0.034767 0.995588 0.087156 0.000000 0.090249 -0.083725 0.992394 0.000000 0.000000 0.000000 0.000000 1.000000
0.940161 0.003004 0.340718 0.000000 -0.034767 0.995588 0.087156 0.000000 -0.338953 -0.093786 0.936117 0.000000 0.000000 0.000000 0.000000 1.000000</float_array><technique_common><accessor source="#rotation_anim_node-Matrix-animation-output-transform-array" count="31" stride="16"><param type="float4x4"/></accessor></technique_common></source><source id="rotation_anim_node-Interpolations"><Name_array id="rotation_anim_node-Interpolations-array" count="31">
 LINEAR LINEAR LINEAR LINEAR LINEAR LINEAR LINEAR LINEAR LINEAR LINEAR LINEAR
LINEAR LINEAR LINEAR LINEAR LINEAR LINEAR LINEAR LINEAR LINEAR LINEAR LINEAR LINEAR
LINEAR LINEAR LINEAR LINEAR LINEAR LINEAR LINEAR LINEAR</Name_array><technique_common><accessor source="#rotation_anim_node-Interpolations-array" count="31"><param type="name"/></accessor></technique_common></source><sampler id="rotation_anim_node-Matrix-animation-transform"><input semantic="INPUT" source="#rotation_anim_node-Matrix-animation-input"/><input semantic="OUTPUT" source="#rotation_anim_node-Matrix-animation-output-transform"/><input semantic="INTERPOLATION" source="#rotation_anim_node-Interpolations"/></sampler><channel source="#rotation_anim_node-Matrix-animation-transform" target="rotation_anim_node/matrix"/></animation></animation>
  </library_animations>
  <library_visual_scenes>
    <visual_scene id="rotation" name="rotation">
      <node name="rotation_anim_node" id="rotation_anim_node" sid="rotation_anim_node"><matrix sid="matrix">0.940161 0.003004 0.340719 0.000000 -0.034767 0.995588 0.087156 0.000000 -0.338954 -0.093786 0.936117 0.000000 0.000000 0.000000 0.000000 1.000000</matrix><instance_geometry url="#rotation_anim_node-lib"><bind_material><technique_common><instance_material symbol="gold_ball_nmapped_mat11" target="#gold_ball_nmapped_mat11"/></technique_common></bind_material></instance_geometry><extra><technique profile="FCOLLADA"><visibility>1.000000</visibility></technique></extra></node>
      <extra><technique profile="MAX3D"><frame_rate>24.000000</frame_rate></technique><technique profile="FCOLLADA"><start_time>0.041667</start_time><end_time>8.333333</end_time></technique></extra>
    </visual_scene>
  </library_visual_scenes>
  <scene>
    <instance_visual_scene url="#rotation"></instance_visual_scene>
  </scene>
</COLLADA>
