<?xml version="1.0" encoding="utf-8"?>
<COLLADA xmlns="http://www.collada.org/2005/11/COLLADASchema" version="1.4.1">
  <asset><contributor><author></author><authoring_tool>FBX COLLADA exporter</authoring_tool><comments></comments></contributor><created>2016-05-24T14:13:11Z</created><keywords></keywords><modified>2016-05-24T14:13:11Z</modified><revision></revision><subject></subject><title></title><unit meter="0.010000" name="centimeter"></unit><up_axis>Y_UP</up_axis></asset>
  <library_animations>
    <animation id="camera_anim_anchor-anim" name="camera_anim_anchor"><animation><source id="camera_anim_anchor-Matrix-animation-input"><float_array id="camera_anim_anchor-Matrix-animation-input-array" count="273">

0.666667 0.708333 0.750000 0.791667 0.833333 0.875000 0.916667 0.958333 1.000000 1.041667 1.083333 1.125000 1.166667 1.208333 1.250000 1.291667
1.333333 1.375000 1.416667 1.458333 1.500000 1.541667 1.583333 1.625000 1.666667 1.708333 1.750000 1.791667 1.833333 1.875000 1.916667 1.958333
2.000000 2.041667 2.083333 2.125000 2.166667 2.208333 2.250000 2.291667 2.333333 2.375000 2.416667 2.458333 2.500000 2.541667 2.583333 2.625000
2.666667 2.708333 2.750000 2.791667 2.833333 2.875000 2.916667 2.958333 3.000000 3.041667 3.083333 3.125000 3.166667 3.208333 3.250000 3.291667
3.333333 3.375000 3.416667 3.458333 3.500000 3.541667 3.583333 3.625000 3.666667 3.708333 3.750000 3.791667 3.833333 3.875000 3.916667 3.958333
4.000000 4.041667 4.083333 4.125000 4.166667 4.208333 4.250000 4.291667 4.333333 4.375000 4.416667 4.458333 4.500000 4.541667 4.583333 4.625000
4.666667 4.708333 4.750000 4.791667 4.833333 4.875000 4.916667 4.958333 5.000000 5.041667 5.083333 5.125000 5.166667 5.208333 5.250000 5.291667
5.333333 5.375000 5.416667 5.458333 5.500000 5.541667 5.583333 5.625000 5.666667 5.708333 5.750000 5.791667 5.833333 5.875000 5.916667 5.958333
6.000000 6.041667 6.083333 6.125000 6.166667 6.208333 6.250000 6.291667 6.333333 6.375000 6.416667 6.458333 6.500000 6.541667 6.583333 6.625000
6.666667 6.708333 6.750000 6.791667 6.833333 6.875000 6.916667 6.958333 7.000000 7.041667 7.083333 7.125000 7.166667 7.208333 7.250000 7.291667
7.333333 7.375000 7.416667 7.458333 7.500000 7.541667 7.583333 7.625000 7.666667 7.708333 7.750000 7.791667 7.833333 7.875000 7.916667 7.958333
8.000000 8.041667 8.083333 8.125000 8.166667 8.208333 8.250000 8.291667 8.333333 8.375000 8.416667 8.458333 8.500000 8.541667 8.583333 8.625000
8.666667 8.708333 8.750000 8.791667 8.833333 8.875000 8.916667 8.958333 9.000000 9.041667 9.083333 9.125000 9.166667 9.208333 9.250000 9.291667
9.333333 9.375000 9.416667 9.458333 9.500000 9.541667 9.583333 9.625000 9.666667 9.708333 9.750000 9.791667 9.833333 9.875000 9.916667 9.958333
10.000000 10.041667 10.083333 10.125000 10.166667 10.208333 10.250000 10.291667 10.333333 10.375000 10.416667 10.458333 10.500000 10.541667 10.583333 10.625000
10.666667 10.708333 10.750000 10.791667 10.833333 10.875000 10.916667 10.958333 11.000000 11.041667 11.083333 11.125000 11.166667 11.208333 11.250000 11.291667
11.333333 11.375000 11.416667 11.458333 11.500000 11.541667 11.583333 11.625000 11.666667 11.708333 11.750000 11.791667 11.833333 11.875000 11.916667 11.958333
12.000000</float_array><technique_common><accessor source="#camera_anim_anchor-Matrix-animation-input-array" count="273"><param name="TIME" type="float"/></accessor></technique_common></source><source id="camera_anim_anchor-Matrix-animation-output-transform"><float_array id="camera_anim_anchor-Matrix-animation-output-transform-array" count="4368">

1.000000 -0.000000 -0.000130 -7.347072 0.000000 1.000000 -0.000093 2.124455 0.000130 0.000093 1.000000 15.138286 0.000000 0.000000 0.000000 1.000000
1.000000 -0.000000 -0.000130 -7.342933 0.000000 1.000000 -0.000093 2.124455 0.000130 0.000093 1.000000 15.138286 0.000000 0.000000 0.000000 1.000000
1.000000 -0.000000 -0.000130 -7.330585 0.000000 1.000000 -0.000093 2.124455 0.000130 0.000093 1.000000 15.138286 0.000000 0.000000 0.000000 1.000000
1.000000 -0.000000 -0.000130 -7.310122 0.000000 1.000000 -0.000093 2.127259 0.000130 0.000093 1.000000 15.138286 0.000000 0.000000 0.000000 1.000000
1.000000 -0.000000 -0.000130 -7.281647 0.000000 1.000000 -0.000167 2.133784 0.000130 0.000167 1.000000 15.137161 0.000000 0.000000 0.000000 1.000000
1.000000 -0.000000 -0.000130 -7.245255 -0.000000 1.000000 -0.000262 2.141873 0.000130 0.000262 1.000000 15.134713 0.000000 0.000000 0.000000 1.000000
1.000000 -0.000000 -0.000130 -7.201043 0.000000 1.000000 -0.000380 2.151654 0.000130 0.000380 1.000000 15.132169 0.000000 0.000000 0.000000 1.000000
1.000000 -0.000000 -0.000130 -7.149107 -0.000000 1.000000 -0.000519 2.163089 0.000130 0.000519 1.000000 15.129518 0.000000 0.000000 0.000000 1.000000
1.000000 -0.000000 -0.000130 -7.089551 -0.000000 1.000000 -0.000681 2.176137 0.000130 0.000681 1.000000 15.126753 0.000000 0.000000 0.000000 1.000000
1.000000 -0.000000 -0.000130 -7.022470 -0.000000 1.000000 -0.000866 2.190761 0.000130 0.000866 1.000000 15.122704 0.000000 0.000000 0.000000 1.000000
1.000000 -0.000000 -0.000130 -6.947958 0.000000 0.999999 -0.001074 2.206921 0.000130 0.001074 0.999999 15.118034 0.000000 0.000000 0.000000 1.000000
1.000000 -0.000000 -0.000130 -6.866119 0.000000 0.999999 -0.001306 2.224580 0.000130 0.001306 0.999999 15.112824 0.000000 0.000000 0.000000 1.000000
1.000000 -0.000000 -0.000158 -6.777048 0.000000 0.999999 -0.001561 2.243698 0.000158 0.001561 0.999999 15.106817 0.000000 0.000000 0.000000 1.000000
1.000000 -0.000000 -0.000194 -6.680840 0.000000 0.999998 -0.001841 2.264236 0.000194 0.001841 0.999998 15.100088 0.000000 0.000000 0.000000 1.000000
1.000000 -0.000000 -0.000230 -6.577597 0.000000 0.999998 -0.002145 2.286158 0.000230 0.002145 0.999998 15.092598 0.000000 0.000000 0.000000 1.000000
1.000000 -0.000001 -0.000268 -6.467413 0.000000 0.999997 -0.002473 2.309422 0.000268 0.002473 0.999997 15.084303 0.000000 0.000000 0.000000 1.000000
1.000000 -0.000001 -0.000306 -6.350391 0.000000 0.999996 -0.002827 2.333991 0.000306 0.002827 0.999996 15.075177 0.000000 0.000000 0.000000 1.000000
1.000000 -0.000001 -0.000353 -6.226622 0.000000 0.999995 -0.003206 2.359826 0.000353 0.003206 0.999995 15.065182 0.000000 0.000000 0.000000 1.000000
1.000000 -0.000001 -0.000407 -6.096208 0.000000 0.999993 -0.003611 2.386888 0.000407 0.003611 0.999993 15.054284 0.000000 0.000000 0.000000 1.000000
1.000000 -0.000002 -0.000462 -5.959244 -0.000000 0.999992 -0.004041 2.415140 0.000462 0.004041 0.999992 15.042451 0.000000 0.000000 0.000000 1.000000
1.000000 -0.000002 -0.000518 -5.815830 -0.000000 0.999990 -0.004497 2.444541 0.000518 0.004497 0.999990 15.029644 0.000000 0.000000 0.000000 1.000000
1.000000 -0.000003 -0.000582 -5.666065 0.000000 0.999988 -0.004981 2.475053 0.000582 0.004981 0.999987 15.015834 0.000000 0.000000 0.000000 1.000000
1.000000 -0.000004 -0.000652 -5.510041 -0.000000 0.999985 -0.005491 2.506640 0.000652 0.005491 0.999985 15.000982 0.000000 0.000000 0.000000 1.000000
1.000000 -0.000004 -0.000725 -5.347859 0.000000 0.999982 -0.006027 2.539261 0.000725 0.006027 0.999982 14.985058 0.000000 0.000000 0.000000 1.000000
1.000000 -0.000005 -0.000803 -5.179619 -0.000000 0.999978 -0.006592 2.572875 0.000803 0.006592 0.999978 14.968021 0.000000 0.000000 0.000000 1.000000
1.000000 -0.000006 -0.000887 -5.005414 0.000000 0.999974 -0.007184 2.607449 0.000887 0.007184 0.999974 14.949846 0.000000 0.000000 0.000000 1.000000
1.000000 -0.000008 -0.000976 -4.825344 0.000000 0.999970 -0.007804 2.642940 0.000976 0.007804 0.999969 14.930492 0.000000 0.000000 0.000000 1.000000
0.999999 -0.000009 -0.001070 -4.639503 0.000000 0.999964 -0.008452 2.679309 0.001070 0.008452 0.999964 14.909927 0.000000 0.000000 0.000000 1.000000
0.999999 -0.000011 -0.001170 -4.447995 0.000000 0.999958 -0.009129 2.716522 0.001170 0.009129 0.999958 14.888121 0.000000 0.000000 0.000000 1.000000
0.999999 -0.000013 -0.001276 -4.250912 -0.000000 0.999952 -0.009835 2.754535 0.001276 0.009835 0.999951 14.865032 0.000000 0.000000 0.000000 1.000000
0.999999 -0.000015 -0.001388 -4.048355 0.000000 0.999944 -0.010570 2.793315 0.001388 0.010570 0.999943 14.840633 0.000000 0.000000 0.000000 1.000000
0.999999 -0.000017 -0.001505 -3.840415 0.000000 0.999936 -0.011335 2.832818 0.001505 0.011335 0.999935 14.814890 0.000000 0.000000 0.000000 1.000000
0.999999 -0.000020 -0.001629 -3.627199 -0.000000 0.999926 -0.012129 2.873009 0.001629 0.012129 0.999925 14.787766 0.000000 0.000000 0.000000 1.000000
0.999998 -0.000023 -0.001760 -3.408799 0.000000 0.999916 -0.012953 2.913848 0.001760 0.012953 0.999915 14.759231 0.000000 0.000000 0.000000 1.000000
0.999998 -0.000026 -0.001897 -3.185310 -0.000000 0.999905 -0.013808 2.955297 0.001897 0.013808 0.999903 14.729250 0.000000 0.000000 0.000000 1.000000
0.999998 -0.000030 -0.002040 -2.956832 0.000000 0.999892 -0.014694 2.997317 0.002040 0.014694 0.999890 14.697794 0.000000 0.000000 0.000000 1.000000
0.999998 -0.000034 -0.002190 -2.723467 0.000000 0.999878 -0.015610 3.039867 0.002190 0.015610 0.999876 14.664826 0.000000 0.000000 0.000000 1.000000
0.999997 -0.000039 -0.002348 -2.485306 0.000000 0.999863 -0.016558 3.082912 0.002348 0.016558 0.999860 14.630318 0.000000 0.000000 0.000000 1.000000
0.999997 -0.000044 -0.002512 -2.242447 -0.000000 0.999846 -0.017538 3.126413 0.002512 0.017538 0.999843 14.594234 0.000000 0.000000 0.000000 1.000000
0.999996 -0.000050 -0.002684 -1.994990 -0.000000 0.999828 -0.018549 3.170331 0.002684 0.018549 0.999824 14.556545 0.000000 0.000000 0.000000 1.000000
0.999996 -0.000056 -0.002863 -1.743032 0.000000 0.999808 -0.019592 3.214627 0.002864 0.019592 0.999804 14.517220 0.000000 0.000000 0.000000 1.000000
0.999995 -0.000063 -0.003050 -1.486668 0.000000 0.999786 -0.020668 3.259260 0.003051 0.020668 0.999782 14.476225 0.000000 0.000000 0.000000 1.000000
0.999995 -0.000071 -0.003245 -1.225998 -0.000000 0.999763 -0.021777 3.304196 0.003246 0.021777 0.999758 14.433533 0.000000 0.000000 0.000000 1.000000
0.999994 -0.000079 -0.003449 -0.961116 0.000000 0.999737 -0.022919 3.349394 0.003450 0.022919 0.999731 14.389112 0.000000 0.000000 0.000000 1.000000
0.999993 -0.000088 -0.003660 -0.692124 -0.000000 0.999710 -0.024094 3.394817 0.003661 0.024094 0.999703 14.342928 0.000000 0.000000 0.000000 1.000000
0.999992 -0.000098 -0.003880 -0.419116 0.000000 0.999680 -0.025303 3.440422 0.003881 0.025303 0.999672 14.294959 0.000000 0.000000 0.000000 1.000000
0.999992 -0.000109 -0.004109 -0.142190 0.000000 0.999648 -0.026546 3.486175 0.004110 0.026546 0.999639 14.245167 0.000000 0.000000 0.000000 1.000000
0.999991 -0.000121 -0.004345 0.138558 0.000000 0.999613 -0.027822 3.532038 0.004347 0.027822 0.999603 14.193531 0.000000 0.000000 0.000000 1.000000
0.999989 -0.000134 -0.004592 0.423028 -0.000000 0.999576 -0.029134 3.577968 0.004594 0.029134 0.999565 14.140018 0.000000 0.000000 0.000000 1.000000
0.999988 -0.000148 -0.004848 0.711123 0.000000 0.999535 -0.030481 3.623930 0.004850 0.030481 0.999524 14.084599 0.000000 0.000000 0.000000 1.000000
0.999987 -0.000163 -0.005113 1.002748 0.000000 0.999492 -0.031863 3.669884 0.005116 0.031863 0.999479 14.027249 0.000000 0.000000 0.000000 1.000000
0.999985 -0.000179 -0.005388 1.297807 0.000000 0.999446 -0.033279 3.715794 0.005391 0.033279 0.999432 13.967939 0.000000 0.000000 0.000000 1.000000
0.999984 -0.000197 -0.005673 1.596198 0.000000 0.999397 -0.034734 3.761615 0.005676 0.034733 0.999381 13.906643 0.000000 0.000000 0.000000 1.000000
0.999982 -0.000216 -0.005967 1.897825 0.000000 0.999344 -0.036222 3.807315 0.005971 0.036221 0.999326 13.843332 0.000000 0.000000 0.000000 1.000000
0.999980 -0.000237 -0.006273 2.202594 0.000000 0.999287 -0.037747 3.852853 0.006277 0.037746 0.999268 13.777983 0.000000 0.000000 0.000000 1.000000
0.999978 -0.000259 -0.006588 2.510404 -0.000000 0.999227 -0.039309 3.898189 0.006593 0.039308 0.999205 13.710567 0.000000 0.000000 0.000000 1.000000
0.999976 -0.000283 -0.006915 2.821160 0.000000 0.999163 -0.040908 3.943286 0.006921 0.040907 0.999139 13.641059 0.000000 0.000000 0.000000 1.000000
0.999974 -0.000309 -0.007252 3.134765 -0.000000 0.999095 -0.042544 3.988106 0.007259 0.042543 0.999068 13.569437 0.000000 0.000000 0.000000 1.000000
0.999971 -0.000336 -0.007602 3.451119 0.000000 0.999022 -0.044217 4.032611 0.007609 0.044216 0.998993 13.495676 0.000000 0.000000 0.000000 1.000000
0.999968 -0.000366 -0.007963 3.770127 0.000000 0.998945 -0.045928 4.076760 0.007971 0.045927 0.998913 13.419755 0.000000 0.000000 0.000000 1.000000
0.999965 -0.000398 -0.008335 4.091691 0.000000 0.998863 -0.047678 4.120515 0.008344 0.047676 0.998828 13.341641 0.000000 0.000000 0.000000 1.000000
0.999962 -0.000432 -0.008719 4.415717 0.000000 0.998776 -0.049466 4.163836 0.008730 0.049464 0.998738 13.261324 0.000000 0.000000 0.000000 1.000000
0.999958 -0.000468 -0.009116 4.742102 0.000000 0.998684 -0.051292 4.206691 0.009128 0.051290 0.998642 13.178773 0.000000 0.000000 0.000000 1.000000
0.999955 -0.000507 -0.009526 5.070751 0.000000 0.998586 -0.053157 4.249035 0.009539 0.053155 0.998541 13.093968 0.000000 0.000000 0.000000 1.000000
0.999950 -0.000549 -0.009948 5.401569 0.000000 0.998483 -0.055062 4.290830 0.009963 0.055059 0.998433 13.006887 0.000000 0.000000 0.000000 1.000000
0.999946 -0.000593 -0.010384 5.734455 0.000000 0.998374 -0.057006 4.332039 0.010401 0.057003 0.998320 12.917512 0.000000 0.000000 0.000000 1.000000
0.999941 -0.000640 -0.010834 6.069316 0.000000 0.998259 -0.058989 4.372622 0.010853 0.058986 0.998200 12.825822 0.000000 0.000000 0.000000 1.000000
0.999936 -0.000691 -0.011297 6.406058 0.000000 0.998137 -0.061014 4.412542 0.011318 0.061010 0.998073 12.731795 0.000000 0.000000 0.000000 1.000000
0.999930 -0.000744 -0.011775 6.744571 -0.000000 0.998009 -0.063077 4.451761 0.011798 0.063073 0.997939 12.635416 0.000000 0.000000 0.000000 1.000000
0.999924 -0.000801 -0.012267 7.084764 0.000000 0.997873 -0.065182 4.490239 0.012293 0.065177 0.997798 12.536659 0.000000 0.000000 0.000000 1.000000
0.999918 -0.000862 -0.012775 7.426547 -0.000000 0.997731 -0.067329 4.527938 0.012804 0.067323 0.997649 12.435513 0.000000 0.000000 0.000000 1.000000
0.999911 -0.000927 -0.013297 7.769813 0.000000 0.997581 -0.069515 4.564817 0.013329 0.069509 0.997492 12.331962 0.000000 0.000000 0.000000 1.000000
0.999904 -0.000995 -0.013835 8.114471 0.000000 0.997423 -0.071743 4.600842 0.013871 0.071736 0.997327 12.225980 0.000000 0.000000 0.000000 1.000000
0.999896 -0.001068 -0.014389 8.460419 0.000000 0.997257 -0.074013 4.635970 0.014429 0.074005 0.997153 12.117557 0.000000 0.000000 0.000000 1.000000
0.999887 -0.001145 -0.014960 8.807562 0.000000 0.997083 -0.076326 4.670164 0.015004 0.076317 0.996971 12.006678 0.000000 0.000000 0.000000 1.000000
0.999878 -0.001227 -0.015549 9.155804 0.000000 0.996900 -0.078680 4.703386 0.015597 0.078670 0.996779 11.893320 0.000000 0.000000 0.000000 1.000000
0.999869 -0.001314 -0.016154 9.505049 0.000000 0.996708 -0.081076 4.735596 0.016207 0.081065 0.996577 11.777477 0.000000 0.000000 0.000000 1.000000
0.999858 -0.001406 -0.016776 9.855192 0.000000 0.996506 -0.083516 4.766759 0.016835 0.083504 0.996365 11.659131 0.000000 0.000000 0.000000 1.000000
0.999847 -0.001504 -0.017418 10.206143 0.000000 0.996295 -0.085998 4.796832 0.017483 0.085985 0.996143 11.538267 0.000000 0.000000 0.000000 1.000000
0.999835 -0.001607 -0.018078 10.557806 -0.000000 0.996074 -0.088525 4.825778 0.018149 0.088510 0.995910 11.414874 0.000000 0.000000 0.000000 1.000000
0.999823 -0.001716 -0.018757 10.910074 0.000000 0.995842 -0.091093 4.853556 0.018835 0.091077 0.995666 11.288936 0.000000 0.000000 0.000000 1.000000
0.999809 -0.001831 -0.019456 11.262861 0.000000 0.995600 -0.093707 4.880132 0.019542 0.093689 0.995410 11.160444 0.000000 0.000000 0.000000 1.000000
0.999795 -0.001953 -0.020175 11.616065 -0.000000 0.995346 -0.096364 4.905466 0.020269 0.096344 0.995142 11.029387 0.000000 0.000000 0.000000 1.000000
0.999779 -0.002082 -0.020916 11.969589 0.000000 0.995081 -0.099066 4.929518 0.021019 0.099044 0.994861 10.895748 0.000000 0.000000 0.000000 1.000000
0.999763 -0.002218 -0.021677 12.323336 -0.000000 0.994804 -0.101812 4.952250 0.021790 0.101788 0.994567 10.759526 0.000000 0.000000 0.000000 1.000000
0.999745 -0.002362 -0.022460 12.677203 0.000000 0.994514 -0.104603 4.973623 0.022584 0.104576 0.994260 10.620701 0.000000 0.000000 0.000000 1.000000
0.999726 -0.002514 -0.023267 13.031102 0.000000 0.994212 -0.107438 4.993599 0.023402 0.107409 0.993939 10.479272 0.000000 0.000000 0.000000 1.000000
0.999706 -0.002675 -0.024097 13.384930 0.000000 0.993896 -0.110319 5.012137 0.024245 0.110287 0.993604 10.335223 0.000000 0.000000 0.000000 1.000000
0.999685 -0.002844 -0.024950 13.738593 -0.000000 0.993567 -0.113247 5.029200 0.025112 0.113211 0.993254 10.188549 0.000000 0.000000 0.000000 1.000000
0.999662 -0.003022 -0.025830 14.091986 0.000000 0.993224 -0.116219 5.044752 0.026006 0.116180 0.992888 10.039242 0.000000 0.000000 0.000000 1.000000
0.999637 -0.003211 -0.026734 14.445024 0.000000 0.992866 -0.119238 5.058748 0.026926 0.119195 0.992506 9.887294 0.000000 0.000000 0.000000 1.000000
0.999611 -0.003409 -0.027665 14.797600 0.000000 0.992493 -0.122303 5.071157 0.027874 0.122255 0.992107 9.732697 0.000000 0.000000 0.000000 1.000000
0.999584 -0.003618 -0.028622 15.149619 0.000000 0.992104 -0.125414 5.081935 0.028850 0.125362 0.991692 9.575447 0.000000 0.000000 0.000000 1.000000
0.999554 -0.003839 -0.029609 15.500984 0.000000 0.991700 -0.128571 5.091043 0.029857 0.128514 0.991258 9.415535 0.000000 0.000000 0.000000 1.000000
0.999523 -0.004071 -0.030625 15.851599 0.000000 0.991280 -0.131776 5.098445 0.030894 0.131713 0.990806 9.252957 0.000000 0.000000 0.000000 1.000000
0.999489 -0.004316 -0.031670 16.201370 -0.000000 0.990842 -0.135028 5.104599 0.031963 0.134959 0.990336 9.087708 0.000000 0.000000 0.000000 1.000000
0.999453 -0.004574 -0.032746 16.550188 0.000000 0.990387 -0.138327 5.105004 0.033064 0.138251 0.989845 8.919784 0.000000 0.000000 0.000000 1.000000
0.999415 -0.004845 -0.033856 16.897963 -0.000000 0.989914 -0.141673 5.104935 0.034201 0.141590 0.989334 8.749180 0.000000 0.000000 0.000000 1.000000
0.999374 -0.005133 -0.035005 17.243927 0.000000 0.989420 -0.145082 5.104816 0.035379 0.144991 0.988800 8.575892 0.000000 0.000000 0.000000 1.000000
0.999328 -0.005450 -0.036252 17.582100 0.000000 0.988886 -0.148673 5.104650 0.036659 0.148573 0.988222 8.399918 0.000000 0.000000 0.000000 1.000000
0.999276 -0.005800 -0.037602 17.911877 0.000000 0.988312 -0.152442 5.104439 0.038047 0.152332 0.987597 8.221253 0.000000 0.000000 0.000000 1.000000
0.999218 -0.006182 -0.039050 18.234146 0.000000 0.987701 -0.156357 5.104187 0.039536 0.156235 0.986928 8.039895 0.000000 0.000000 0.000000 1.000000
0.999154 -0.006595 -0.040583 18.549728 0.000000 0.987053 -0.160393 5.103895 0.041115 0.160257 0.986219 7.855848 0.000000 0.000000 0.000000 1.000000
0.999085 -0.007038 -0.042195 18.859379 0.000000 0.986373 -0.164527 5.103568 0.042778 0.164376 0.985470 7.669102 0.000000 0.000000 0.000000 1.000000
0.999009 -0.007511 -0.043877 19.163788 0.000000 0.985661 -0.168739 5.103208 0.044515 0.168572 0.984684 7.479662 0.000000 0.000000 0.000000 1.000000
0.998927 -0.008014 -0.045619 19.463621 0.000000 0.984919 -0.173017 5.100878 0.046318 0.172831 0.983862 7.287522 0.000000 0.000000 0.000000 1.000000
0.998839 -0.008544 -0.047414 19.759472 0.000000 0.984149 -0.177343 5.098165 0.048178 0.177137 0.983006 7.092688 0.000000 0.000000 0.000000 1.000000
0.998745 -0.009101 -0.049252 20.051914 0.000000 0.983353 -0.181706 5.095387 0.050086 0.181478 0.982119 6.895157 0.000000 0.000000 0.000000 1.000000
0.998645 -0.009684 -0.051126 20.341480 0.000000 0.982531 -0.186097 5.092550 0.052035 0.185845 0.981200 6.694929 0.000000 0.000000 0.000000 1.000000
0.998540 -0.010290 -0.053027 20.628683 -0.000000 0.981686 -0.190506 5.089254 0.054016 0.190228 0.980253 6.492006 0.000000 0.000000 0.000000 1.000000
0.998430 -0.010920 -0.054945 20.914000 0.000000 0.980819 -0.194922 5.085710 0.056020 0.194616 0.979279 6.286390 0.000000 0.000000 0.000000 1.000000
0.998314 -0.011569 -0.056874 21.197889 0.000000 0.979931 -0.199339 5.082101 0.058039 0.199003 0.978279 6.078082 0.000000 0.000000 0.000000 1.000000
0.998195 -0.012238 -0.058803 21.480789 0.000000 0.979023 -0.203750 5.078273 0.060063 0.203382 0.977255 5.867080 0.000000 0.000000 0.000000 1.000000
0.998071 -0.012923 -0.060726 21.763119 -0.000000 0.978098 -0.208144 5.074228 0.062086 0.207742 0.976211 5.652098 0.000000 0.000000 0.000000 1.000000
0.997944 -0.013622 -0.062634 22.045284 -0.000000 0.977157 -0.212520 5.070089 0.064098 0.212083 0.975147 5.397284 0.000000 0.000000 0.000000 1.000000
0.997814 -0.014333 -0.064517 22.327681 0.000000 0.976200 -0.216870 5.065749 0.066090 0.216396 0.974066 5.102402 0.000000 0.000000 0.000000 1.000000
0.997682 -0.015053 -0.066369 22.610682 0.000000 0.975232 -0.221186 5.061334 0.068055 0.220673 0.972971 4.781004 0.000000 0.000000 0.000000 1.000000
0.997548 -0.015779 -0.068181 22.894659 0.000000 0.974251 -0.225466 5.056787 0.069983 0.224913 0.971862 4.441310 0.000000 0.000000 0.000000 1.000000
0.997414 -0.016508 -0.069945 23.179970 0.000000 0.973261 -0.229703 5.052152 0.071867 0.229109 0.970744 4.088766 0.000000 0.000000 0.000000 1.000000
0.997281 -0.017237 -0.071654 23.466972 -0.000000 0.972263 -0.233891 5.047456 0.073698 0.233255 0.969619 3.727242 0.000000 0.000000 0.000000 1.000000
0.997148 -0.017963 -0.073298 23.756010 0.000000 0.971258 -0.238029 5.042673 0.075467 0.237350 0.968488 3.359622 0.000000 0.000000 0.000000 1.000000
0.997018 -0.018683 -0.074870 24.047430 -0.000000 0.970249 -0.242108 5.037864 0.077166 0.241386 0.967356 2.988151 0.000000 0.000000 0.000000 1.000000
0.996892 -0.019391 -0.076362 24.341564 0.000000 0.969238 -0.246124 5.033008 0.078786 0.245359 0.966225 2.614635 0.000000 0.000000 0.000000 1.000000
0.996769 -0.020086 -0.077767 24.638748 0.000000 0.968227 -0.250073 5.028139 0.080319 0.249265 0.965099 2.240577 0.000000 0.000000 0.000000 1.000000
0.996652 -0.020762 -0.079077 24.939320 0.000000 0.967217 -0.253952 5.023269 0.081757 0.253102 0.963979 1.867262 0.000000 0.000000 0.000000 1.000000
0.996542 -0.021417 -0.080283 25.243610 0.000000 0.966211 -0.257753 5.018410 0.083091 0.256862 0.962870 1.495815 0.000000 0.000000 0.000000 1.000000
0.996439 -0.022046 -0.081380 25.551960 0.000000 0.965211 -0.261474 5.013570 0.084313 0.260543 0.961774 1.127247 0.000000 0.000000 0.000000 1.000000
0.996346 -0.022644 -0.082358 25.864664 0.000000 0.964218 -0.265109 5.008790 0.085414 0.264140 0.960695 0.762484 0.000000 0.000000 0.000000 1.000000
0.996262 -0.023208 -0.083209 26.182117 0.000000 0.963237 -0.268654 5.004044 0.086385 0.267650 0.959636 0.402394 0.000000 0.000000 0.000000 1.000000
0.996189 -0.023733 -0.083928 26.504620 -0.000000 0.962268 -0.272103 4.999387 0.087219 0.271066 0.958601 0.047805 0.000000 0.000000 0.000000 1.000000
0.996129 -0.024214 -0.084506 26.832520 -0.000000 0.961315 -0.275452 4.994813 0.087907 0.274386 0.957593 -0.300479 0.000000 0.000000 0.000000 1.000000
0.996082 -0.024648 -0.084936 27.166176 0.000000 0.960379 -0.278696 4.990316 0.088440 0.277604 0.956616 -0.641665 0.000000 0.000000 0.000000 1.000000
0.996049 -0.025029 -0.085210 27.505939 0.000000 0.959465 -0.281828 4.985984 0.088810 0.280714 0.955674 -0.974956 0.000000 0.000000 0.000000 1.000000
0.996031 -0.025353 -0.085321 27.852146 -0.000000 0.958574 -0.284844 4.981724 0.089008 0.283713 0.954769 -1.299546 0.000000 0.000000 0.000000 1.000000
0.996028 -0.025619 -0.085271 28.205196 0.000000 0.957709 -0.287738 4.977668 0.089036 0.286595 0.953906 -1.614605 0.000000 0.000000 0.000000 1.000000
0.996033 -0.025849 -0.085142 28.565449 -0.000000 0.956874 -0.290502 4.973735 0.088979 0.289350 0.953079 -1.919270 0.000000 0.000000 0.000000 1.000000
0.996044 -0.026048 -0.084956 28.933292 0.000000 0.956071 -0.293135 4.969975 0.088859 0.291975 0.952289 -2.212633 0.000000 0.000000 0.000000 1.000000
0.996061 -0.026214 -0.084711 29.309114 0.000000 0.955304 -0.295625 4.966514 0.088674 0.294460 0.951541 -2.493732 0.000000 0.000000 0.000000 1.000000
0.996083 -0.026347 -0.084406 29.693340 0.000000 0.954576 -0.297967 4.963120 0.088422 0.296800 0.950837 -2.761535 0.000000 0.000000 0.000000 1.000000
0.996111 -0.026445 -0.084042 30.086376 0.000000 0.953891 -0.300153 4.959888 0.088104 0.298986 0.950182 -3.014929 0.000000 0.000000 0.000000 1.000000
0.996145 -0.026506 -0.083617 30.488663 -0.000000 0.953252 -0.302177 4.957108 0.087718 0.301012 0.949577 -3.252696 0.000000 0.000000 0.000000 1.000000
0.996185 -0.026530 -0.083132 30.900665 -0.000000 0.952663 -0.304029 4.954309 0.087263 0.302869 0.949029 -3.473508 0.000000 0.000000 0.000000 1.000000
0.996231 -0.026516 -0.082586 31.322832 -0.000000 0.952128 -0.305700 4.951889 0.086738 0.304548 0.948539 -3.675883 0.000000 0.000000 0.000000 1.000000
0.996283 -0.026461 -0.081977 31.755678 0.000000 0.951651 -0.307181 4.950096 0.086142 0.306039 0.948114 -3.858172 0.000000 0.000000 0.000000 1.000000
0.996340 -0.026365 -0.081306 32.199680 0.000000 0.951238 -0.308459 4.948465 0.085474 0.307330 0.947757 -4.018521 0.000000 0.000000 0.000000 1.000000
0.996404 -0.026227 -0.080571 32.655418 0.000000 0.950891 -0.309527 4.946988 0.084732 0.308414 0.947471 -4.154818 0.000000 0.000000 0.000000 1.000000
0.996473 -0.026045 -0.079773 33.123428 -0.000000 0.950616 -0.310371 4.945725 0.083917 0.309276 0.947263 -4.264648 0.000000 0.000000 0.000000 1.000000
0.996547 -0.025819 -0.078909 33.604294 0.000000 0.950418 -0.310976 4.944740 0.083026 0.309902 0.947136 -4.345211 0.000000 0.000000 0.000000 1.000000
0.996627 -0.025547 -0.077981 34.098637 -0.000000 0.950303 -0.311327 4.944092 0.082059 0.310277 0.947098 -4.393229 0.000000 0.000000 0.000000 1.000000
0.996713 -0.025229 -0.076988 34.606915 -0.000000 0.950276 -0.311409 4.947060 0.081016 0.310385 0.947152 -4.405612 0.000000 0.000000 0.000000 1.000000
0.996801 -0.024866 -0.075951 35.122414 0.000000 0.950365 -0.311138 5.053446 0.079918 0.310143 0.947325 -4.405186 0.000000 0.000000 0.000000 1.000000
0.996892 -0.024460 -0.074886 35.641842 0.000000 0.950577 -0.310490 5.308301 0.078780 0.309525 0.947622 -4.403194 0.000000 0.000000 0.000000 1.000000
0.996984 -0.024016 -0.073793 36.165306 0.000000 0.950907 -0.309477 5.706965 0.077603 0.308544 0.948039 -4.400664 0.000000 0.000000 0.000000 1.000000
0.997078 -0.023537 -0.072674 36.692974 0.000000 0.951351 -0.308110 6.244972 0.076390 0.307210 0.948571 -4.397992 0.000000 0.000000 0.000000 1.000000
0.997173 -0.023023 -0.071527 37.224945 0.000000 0.951903 -0.306399 6.917863 0.075141 0.305533 0.949212 -4.395183 0.000000 0.000000 0.000000 1.000000
0.997269 -0.022479 -0.070355 37.761364 0.000000 0.952559 -0.304354 7.721026 0.073859 0.303523 0.949957 -4.391560 0.000000 0.000000 0.000000 1.000000
0.997365 -0.021908 -0.069158 38.302361 0.000000 0.953311 -0.301989 8.649863 0.072545 0.301193 0.950800 -4.386663 0.000000 0.000000 0.000000 1.000000
0.997462 -0.021311 -0.067936 38.848083 0.000000 0.954155 -0.299314 9.699911 0.071200 0.298554 0.951733 -4.381444 0.000000 0.000000 0.000000 1.000000
0.997559 -0.020692 -0.066691 39.398659 0.000000 0.955083 -0.296337 10.866711 0.069827 0.295614 0.952752 -4.375475 0.000000 0.000000 0.000000 1.000000
0.997656 -0.020054 -0.065423 39.954208 -0.000000 0.956091 -0.293070 12.145662 0.068428 0.292383 0.953850 -4.368965 0.000000 0.000000 0.000000 1.000000
0.997753 -0.019399 -0.064133 40.514877 -0.000000 0.957170 -0.289527 13.532157 0.067003 0.288876 0.955019 -4.361904 0.000000 0.000000 0.000000 1.000000
0.997849 -0.018730 -0.062822 41.080791 -0.000000 0.958315 -0.285714 15.021755 0.065555 0.285100 0.956253 -4.354321 0.000000 0.000000 0.000000 1.000000
0.997944 -0.018049 -0.061491 41.652119 -0.000000 0.959519 -0.281644 16.609983 0.064085 0.281065 0.957547 -4.346236 0.000000 0.000000 0.000000 1.000000
0.998039 -0.017359 -0.060140 42.228958 -0.000000 0.960775 -0.277328 18.292257 0.062595 0.276784 0.958891 -4.337670 0.000000 0.000000 0.000000 1.000000
0.998132 -0.016663 -0.058770 42.811470 0.000000 0.962078 -0.272775 20.063972 0.061087 0.272266 0.960281 -4.328650 0.000000 0.000000 0.000000 1.000000
0.998225 -0.015963 -0.057384 43.399761 0.000000 0.963419 -0.267999 21.920670 0.059563 0.267523 0.961709 -4.319198 0.000000 0.000000 0.000000 1.000000
0.998315 -0.015261 -0.055980 43.994003 0.000000 0.964794 -0.263008 23.857910 0.058023 0.262565 0.963168 -4.309335 0.000000 0.000000 0.000000 1.000000
0.998404 -0.014559 -0.054562 44.594322 0.000000 0.966195 -0.257813 25.871088 0.056471 0.257402 0.964653 -4.299085 0.000000 0.000000 0.000000 1.000000
0.998491 -0.013860 -0.053129 45.200851 -0.000000 0.967616 -0.252428 27.955595 0.054907 0.252047 0.966156 -4.288473 0.000000 0.000000 0.000000 1.000000
0.998577 -0.013166 -0.051682 45.813702 -0.000000 0.969051 -0.246860 30.107033 0.053333 0.246509 0.967672 -4.277521 0.000000 0.000000 0.000000 1.000000
0.998660 -0.012479 -0.050225 46.433071 0.000000 0.970495 -0.241122 32.320885 0.051752 0.240799 0.969194 -4.266250 0.000000 0.000000 0.000000 1.000000
0.998741 -0.011800 -0.048756 47.059021 -0.000000 0.971940 -0.235228 34.592606 0.050164 0.234932 0.970716 -4.254684 0.000000 0.000000 0.000000 1.000000
0.998820 -0.011132 -0.047279 47.691750 0.000000 0.973383 -0.229184 36.917553 0.048572 0.228913 0.972234 -4.242846 0.000000 0.000000 0.000000 1.000000
0.998896 -0.010476 -0.045793 48.331360 0.000000 0.974817 -0.223004 39.291344 0.046976 0.222758 0.973741 -4.230761 0.000000 0.000000 0.000000 1.000000
0.998970 -0.009834 -0.044302 48.978004 -0.000000 0.976238 -0.216701 41.709473 0.045380 0.216478 0.975232 -4.218451 0.000000 0.000000 0.000000 1.000000
0.999041 -0.009207 -0.042805 49.631794 0.000000 0.977640 -0.210285 44.167370 0.043784 0.210083 0.976703 -4.205938 0.000000 0.000000 0.000000 1.000000
0.999110 -0.008597 -0.041305 50.292889 0.000000 0.979020 -0.203766 46.660461 0.042190 0.203585 0.978148 -4.193245 0.000000 0.000000 0.000000 1.000000
0.999175 -0.008005 -0.039804 50.961403 0.000000 0.980372 -0.197159 49.184273 0.040601 0.196996 0.979563 -4.180396 0.000000 0.000000 0.000000 1.000000
0.999239 -0.007432 -0.038303 51.637470 -0.000000 0.981692 -0.190473 51.734360 0.039017 0.190328 0.980945 -4.167412 0.000000 0.000000 0.000000 1.000000
0.999299 -0.006879 -0.036804 52.321213 0.000000 0.982978 -0.183723 54.306133 0.037441 0.183594 0.982289 -4.154320 0.000000 0.000000 0.000000 1.000000
0.999356 -0.006347 -0.035307 53.012794 -0.000000 0.984226 -0.176918 56.895008 0.035873 0.176804 0.983592 -4.141140 0.000000 0.000000 0.000000 1.000000
0.999411 -0.005836 -0.033817 53.712318 0.000000 0.985432 -0.170071 59.496544 0.034317 0.169971 0.984851 -4.127894 0.000000 0.000000 0.000000 1.000000
0.999463 -0.005348 -0.032334 54.419895 0.000000 0.986594 -0.163195 62.106274 0.032773 0.163107 0.986064 -4.114607 0.000000 0.000000 0.000000 1.000000
0.999512 -0.004883 -0.030859 55.135715 0.000000 0.987710 -0.156300 64.719627 0.031243 0.156224 0.987227 -4.101304 0.000000 0.000000 0.000000 1.000000
0.999558 -0.004442 -0.029396 55.859829 0.000000 0.988777 -0.149402 67.331993 0.029730 0.149336 0.988339 -4.088003 0.000000 0.000000 0.000000 1.000000
0.999601 -0.004024 -0.027946 56.592400 0.000000 0.989793 -0.142510 69.938965 0.028234 0.142453 0.989399 -4.074729 0.000000 0.000000 0.000000 1.000000
0.999642 -0.003629 -0.026511 57.333553 -0.000000 0.990759 -0.135637 72.536018 0.026758 0.135588 0.990404 -4.061507 0.000000 0.000000 0.000000 1.000000
0.999680 -0.003259 -0.025092 58.083405 0.000000 0.991671 -0.128796 75.118668 0.025303 0.128755 0.991354 -4.048361 0.000000 0.000000 0.000000 1.000000
0.999715 -0.002912 -0.023692 58.842072 0.000000 0.992530 -0.122000 77.682243 0.023870 0.121965 0.992247 -4.035308 0.000000 0.000000 0.000000 1.000000
0.999748 -0.002589 -0.022313 59.609692 -0.000000 0.993335 -0.115260 80.222313 0.022463 0.115231 0.993085 -4.022377 0.000000 0.000000 0.000000 1.000000
0.999778 -0.002289 -0.020956 60.386341 0.000000 0.994087 -0.108589 82.734459 0.021081 0.108565 0.993866 -4.009586 0.000000 0.000000 0.000000 1.000000
0.999805 -0.002012 -0.019625 61.172180 0.000000 0.994785 -0.101999 85.214020 0.019728 0.101979 0.994591 -3.996962 0.000000 0.000000 0.000000 1.000000
0.999831 -0.001758 -0.018320 61.967289 0.000000 0.995429 -0.095504 87.656517 0.018404 0.095488 0.995260 -3.984528 0.000000 0.000000 0.000000 1.000000
0.999854 -0.001525 -0.017044 62.771793 -0.000000 0.996021 -0.089116 90.057388 0.017112 0.089103 0.995875 -3.972305 0.000000 0.000000 0.000000 1.000000
0.999874 -0.001313 -0.015799 63.585804 -0.000000 0.996562 -0.082846 92.412254 0.015853 0.082836 0.996437 -3.960315 0.000000 0.000000 0.000000 1.000000
0.999893 -0.001122 -0.014586 64.409439 -0.000000 0.997054 -0.076708 94.716515 0.014629 0.076700 0.996947 -3.948584 0.000000 0.000000 0.000000 1.000000
0.999910 -0.000950 -0.013407 65.242767 0.000000 0.997497 -0.070714 96.965561 0.013441 0.070708 0.997406 -3.937135 0.000000 0.000000 0.000000 1.000000
0.999924 -0.000797 -0.012266 66.085953 0.000000 0.997893 -0.064877 99.154938 0.012292 0.064872 0.997818 -3.925988 0.000000 0.000000 0.000000 1.000000
0.999937 -0.000662 -0.011163 66.939026 -0.000000 0.998246 -0.059209 101.280212 0.011183 0.059205 0.998183 -3.915169 0.000000 0.000000 0.000000 1.000000
0.999949 -0.000543 -0.010101 67.802147 -0.000000 0.998556 -0.053722 103.336792 0.010116 0.053719 0.998505 -3.904699 0.000000 0.000000 0.000000 1.000000
0.999959 -0.000440 -0.009081 68.675377 0.000000 0.998827 -0.048429 105.320030 0.009092 0.048427 0.998785 -3.894600 0.000000 0.000000 0.000000 1.000000
0.999967 -0.000352 -0.008105 69.558838 -0.000000 0.999060 -0.043342 107.225578 0.008113 0.043341 0.999027 -3.884900 0.000000 0.000000 0.000000 1.000000
0.999974 -0.000276 -0.007176 70.452606 0.000000 0.999260 -0.038474 109.048897 0.007181 0.038473 0.999234 -3.875618 0.000000 0.000000 0.000000 1.000000
0.999980 -0.000213 -0.006294 71.356781 0.000000 0.999427 -0.033837 110.785400 0.006298 0.033836 0.999408 -3.866775 0.000000 0.000000 0.000000 1.000000
0.999985 -0.000161 -0.005463 72.271431 0.000000 0.999566 -0.029442 112.430527 0.005465 0.029442 0.999552 -3.858400 0.000000 0.000000 0.000000 1.000000
0.999989 -0.000119 -0.004684 73.196671 -0.000000 0.999680 -0.025304 113.979813 0.004685 0.025304 0.999669 -3.850512 0.000000 0.000000 0.000000 1.000000
0.999992 -0.000085 -0.003957 74.132553 0.000000 0.999770 -0.021432 115.428772 0.003958 0.021432 0.999762 -3.843134 0.000000 0.000000 0.000000 1.000000
0.999995 -0.000059 -0.003285 75.079185 -0.000000 0.999841 -0.017841 116.772827 0.003286 0.017841 0.999835 -3.836293 0.000000 0.000000 0.000000 1.000000
0.999996 -0.000039 -0.002672 76.036629 0.000000 0.999894 -0.014543 118.007408 0.002672 0.014543 0.999891 -3.830008 0.000000 0.000000 0.000000 1.000000
0.999998 -0.000024 -0.002117 77.004982 0.000000 0.999933 -0.011549 119.128006 0.002117 0.011549 0.999931 -3.824344 0.000000 0.000000 0.000000 1.000000
0.999999 -0.000014 -0.001622 77.984276 -0.000000 0.999961 -0.008871 120.130196 0.001622 0.008871 0.999959 -3.819274 0.000000 0.000000 0.000000 1.000000
0.999999 -0.000008 -0.001190 78.974632 0.000000 0.999979 -0.006521 121.009338 0.001190 0.006521 0.999978 -3.814685 0.000000 0.000000 0.000000 1.000000
1.000000 -0.000004 -0.000821 79.976089 0.000000 0.999990 -0.004513 121.760872 0.000821 0.004513 0.999989 -3.810363 0.000000 0.000000 0.000000 1.000000
1.000000 -0.000001 -0.000519 80.988701 0.000000 0.999996 -0.002858 122.380310 0.000519 0.002858 0.999996 -3.808321 0.000000 0.000000 0.000000 1.000000
1.000000 -0.000000 -0.000284 82.012558 -0.000000 0.999999 -0.001568 122.863190 0.000284 0.001568 0.999999 -3.808321 0.000000 0.000000 0.000000 1.000000
1.000000 -0.000000 -0.000118 83.047699 0.000000 1.000000 -0.000654 123.204926 0.000118 0.000654 1.000000 -3.808321 0.000000 0.000000 0.000000 1.000000
1.000000 -0.000000 -0.000024 84.094215 -0.000000 1.000000 -0.000130 123.400864 0.000024 0.000130 1.000000 -3.808321 0.000000 0.000000 0.000000 1.000000
1.000000 0.000000 -0.000024 85.152664 0.000000 1.000000 0.000000 123.449738 0.000024 0.000000 1.000000 -3.808321 0.000000 0.000000 0.000000 1.000000
1.000000 0.000000 -0.000024 86.230392 0.000000 1.000000 0.000000 123.449738 0.000024 0.000000 1.000000 -3.808321 0.000000 0.000000 0.000000 1.000000
1.000000 0.000000 -0.000024 87.331474 0.000000 1.000000 0.000000 123.449738 0.000024 0.000000 1.000000 -3.808321 0.000000 0.000000 0.000000 1.000000
1.000000 0.000000 -0.000024 88.454811 0.000000 1.000000 0.000000 123.449738 0.000024 0.000000 1.000000 -3.808321 0.000000 0.000000 0.000000 1.000000
1.000000 0.000000 -0.000024 89.599548 0.000000 1.000000 0.000000 123.449738 0.000024 0.000000 1.000000 -3.808321 0.000000 0.000000 0.000000 1.000000
1.000000 0.000000 -0.000024 90.764938 0.000000 1.000000 0.000000 123.449738 0.000024 0.000000 1.000000 -3.808321 0.000000 0.000000 0.000000 1.000000
1.000000 0.000000 -0.000024 91.950264 0.000000 1.000000 0.000000 123.449738 0.000024 0.000000 1.000000 -3.808321 0.000000 0.000000 0.000000 1.000000
1.000000 0.000000 -0.000024 93.154823 0.000000 1.000000 0.000000 123.449738 0.000024 0.000000 1.000000 -3.808321 0.000000 0.000000 0.000000 1.000000
1.000000 0.000000 -0.000024 94.378006 0.000000 1.000000 0.000000 123.449738 0.000024 0.000000 1.000000 -3.808321 0.000000 0.000000 0.000000 1.000000
1.000000 0.000000 -0.000024 95.619156 0.000000 1.000000 0.000000 123.449738 0.000024 0.000000 1.000000 -3.808321 0.000000 0.000000 0.000000 1.000000
1.000000 0.000000 -0.000024 96.877716 0.000000 1.000000 0.000000 123.449738 0.000024 0.000000 1.000000 -3.808321 0.000000 0.000000 0.000000 1.000000
1.000000 0.000000 -0.000024 98.153114 0.000000 1.000000 0.000000 123.449738 0.000024 0.000000 1.000000 -3.808321 0.000000 0.000000 0.000000 1.000000
1.000000 0.000000 -0.000024 99.444847 0.000000 1.000000 0.000000 123.449738 0.000024 0.000000 1.000000 -3.808321 0.000000 0.000000 0.000000 1.000000
1.000000 0.000000 -0.000024 100.752365 0.000000 1.000000 0.000000 123.449738 0.000024 0.000000 1.000000 -3.808321 0.000000 0.000000 0.000000 1.000000
1.000000 0.000000 -0.000024 102.075188 0.000000 1.000000 0.000000 123.449738 0.000024 0.000000 1.000000 -3.808321 0.000000 0.000000 0.000000 1.000000
1.000000 0.000000 -0.000024 103.412903 0.000000 1.000000 0.000000 123.449738 0.000024 0.000000 1.000000 -3.808321 0.000000 0.000000 0.000000 1.000000
1.000000 0.000000 -0.000024 104.765022 0.000000 1.000000 0.000000 123.449738 0.000024 0.000000 1.000000 -3.808321 0.000000 0.000000 0.000000 1.000000
1.000000 0.000000 -0.000024 106.131149 0.000000 1.000000 0.000000 123.449738 0.000024 0.000000 1.000000 -3.808321 0.000000 0.000000 0.000000 1.000000
1.000000 0.000000 -0.000024 107.510864 0.000000 1.000000 0.000000 123.449738 0.000024 0.000000 1.000000 -3.808321 0.000000 0.000000 0.000000 1.000000
1.000000 0.000000 -0.000024 108.903770 0.000000 1.000000 0.000000 123.449738 0.000024 0.000000 1.000000 -3.808321 0.000000 0.000000 0.000000 1.000000
1.000000 0.000000 -0.000024 110.309502 0.000000 1.000000 0.000000 123.449738 0.000024 0.000000 1.000000 -3.808321 0.000000 0.000000 0.000000 1.000000
1.000000 0.000000 -0.000024 111.727676 0.000000 1.000000 0.000000 123.449738 0.000024 0.000000 1.000000 -3.808321 0.000000 0.000000 0.000000 1.000000
1.000000 0.000000 -0.000024 113.157959 0.000000 1.000000 0.000000 123.449738 0.000024 0.000000 1.000000 -3.808321 0.000000 0.000000 0.000000 1.000000
1.000000 0.000000 -0.000024 114.599998 0.000000 1.000000 0.000000 123.449738 0.000024 0.000000 1.000000 -3.808321 0.000000 0.000000 0.000000 1.000000
1.000000 0.000000 -0.000024 116.053490 0.000000 1.000000 0.000000 123.449738 0.000024 0.000000 1.000000 -3.808321 0.000000 0.000000 0.000000 1.000000
1.000000 0.000000 -0.000024 117.518089 0.000000 1.000000 0.000000 123.449738 0.000024 0.000000 1.000000 -3.808321 0.000000 0.000000 0.000000 1.000000
